# --- APTitude Experimental Analytics Report (v3-low-regularization-rate) --- #

# --- EXPERIMENT HYPERPARAMETERS --- #
epochs: 50000
alpha: 0.0001
lamb: 0.0001
train_size: 0.9
threshold: 7000
l1: 25
b: 0.8

# --- LEARNED MODEL PARAMETERS --- #

W1: 
[[-7.80272e-02 -7.24747e-02  2.14027e-04  1.44413e-01  1.33830e-01
  -3.09248e-02 -1.07778e-01  2.21032e-01  2.58995e-01  9.68227e-02
  -7.32230e-02 -6.23769e-02 -3.02860e-01  5.83642e-02 -4.38398e-01
  -1.12601e-01  1.26379e-01 -5.60804e-02 -5.70628e-02 -6.78495e-02
  -1.29375e-01  4.59233e-03 -9.04581e-03 -1.79393e-03  5.88215e-02]
 [-1.40131e-01 -6.48214e-02  3.30766e-02  2.27587e-02 -4.81906e-02
  -3.03207e-02 -1.09554e-01  2.64907e-01  3.86151e-01  1.21180e-01
   1.00694e-01 -2.91984e-02  6.32852e-03 -7.75209e-02 -1.56512e-01
   2.71445e-01  1.85410e-01  9.60685e-02  4.18510e-02 -5.51716e-03
   1.03617e-01  1.09309e-01 -1.32017e-01 -3.16454e-01 -2.51286e-01]
 [-1.70141e-01  5.35417e-02 -6.82912e-03 -6.41268e-01  9.32567e-02
   1.15483e-02 -9.56667e-02 -5.14026e-01 -6.27393e-01 -1.07210e-01
  -6.17863e-01  2.77746e-02 -4.06673e-01  3.63148e-01  4.24243e-01
  -2.85108e-01 -1.87687e-02 -1.61397e-01  1.00459e-01  1.07746e-01
  -2.27769e-01  7.06461e-03  1.61828e-01  7.49373e-01  5.21947e-01]
 [ 2.85739e-02  2.17544e-02 -1.11441e-01  1.20035e-01 -1.85897e-01
   5.11325e-02 -8.30596e-02  5.05047e-01  2.64298e-01 -7.96402e-03
  -1.74112e-02  8.16309e-02  2.11084e-02 -1.52426e-01 -2.00083e-01
   4.59042e-01  1.34211e-01  1.00008e-02 -8.50392e-02  6.64408e-02
  -1.79553e-01 -3.74513e-02 -1.65716e-01  1.23859e+00 -6.28109e-01]
 [-1.57786e-01 -1.77693e-01  5.55450e-03 -1.10412e-01 -6.61456e-03
   2.47047e-01 -7.68342e-03  1.56868e-02 -1.61351e-02  2.68293e-02
   1.17665e-01  2.03503e-01  9.85118e-02 -1.54487e-01 -2.76120e-01
   1.44713e-02 -2.96613e-01  1.11207e-01  7.16698e-02 -3.49899e-02
   6.75911e-02  1.36206e-01  1.01441e-01  1.65241e-01 -3.15168e-01]
 [-2.47733e-02 -1.22568e-01 -2.07354e-01  3.33108e-01  9.99942e-02
  -8.43934e-02  1.02181e-01  1.00430e-01  1.00557e-01 -1.42366e-01
   2.99261e-01 -1.53387e-01  9.76854e-02  5.32627e-02 -2.72516e-02
   3.42173e-01 -9.25366e-02  2.95976e-02 -6.96298e-02 -3.31158e-02
   2.06869e-01  4.25947e-02  3.67248e-02 -8.76437e-01 -2.80435e-01]
 [ 4.13886e-02  1.17519e-01 -5.39565e-02  3.49550e-01  2.40511e-01
  -2.06922e-01  9.84067e-03  2.58183e-01  1.20877e-01  1.32479e-01
  -2.41495e-01  4.90137e-02 -2.28022e-01  2.19636e-01 -5.75296e-02
   1.04538e-01 -3.42023e-02 -1.02495e-01 -1.50385e-02 -1.09137e-01
  -6.04675e-02  1.23786e-01  1.69083e-01 -2.55056e-01  1.41755e-01]
 [-5.15790e-02 -6.78016e-02  6.02035e-02  3.24700e-02 -5.88170e-02
   5.52993e-02  8.10760e-03  4.15191e-01  2.77264e-02 -5.86938e-02
   6.05179e-02 -7.03947e-02 -3.42717e-01  1.71715e-01  4.21048e-02
   1.67555e-01 -6.75908e-02 -2.01633e-02  4.53786e-02 -6.99280e-02
   8.31035e-02  2.58538e-02  1.39950e-01 -5.72714e-01 -2.19218e-01]
 [-2.68813e-02  3.91060e-02  2.68792e-02  1.78051e-01  8.37009e-02
   1.72659e-01 -1.02124e-01 -7.12857e-02 -6.64835e-02  1.13018e-01
   1.59105e-01 -6.02358e-02  9.47696e-02  1.64143e-02 -1.75198e-01
   1.90309e-02 -1.31730e-02  5.28877e-02 -7.60478e-02  2.48023e-01
   1.08969e-01  1.81081e-03  6.23901e-03 -4.92888e-01 -6.20807e-02]
 [-2.65922e-02 -6.89512e-02 -2.28886e-01  2.20159e+00  1.49457e-02
  -8.62038e-03  8.95239e-02 -1.21883e-01  1.44124e+00 -6.09788e-02
   6.21095e-01 -1.29588e-01  9.31731e-01 -1.32878e-01 -1.53018e-01
  -2.17940e-01  9.49412e-02  5.14574e-02  9.37321e-02  5.98094e-02
   5.07851e-03 -1.39764e-01  2.63071e-01  3.43621e+00 -3.14896e-03]
 [ 1.47348e-02  6.72992e-03 -3.59765e-03  2.34378e-01  4.03765e-02
  -8.32383e-02 -2.74289e-02  9.25130e-01  1.19358e-01 -7.64768e-02
  -1.22738e-01 -1.83197e-01  4.20734e-01 -2.00842e-01 -1.42754e-01
   2.54655e-01 -6.54856e-02  1.06315e-01 -1.97461e-03  4.99150e-02
   8.97835e-02  3.30396e-02  9.30366e-02 -1.10404e-01 -3.59515e-01]
 [ 2.79796e-02 -7.71177e-02 -3.84313e-02  4.10107e-02  1.35569e-01
  -1.18098e-01  3.17572e-02  7.36064e-01  4.80573e-01 -1.04704e-01
  -3.01689e-01  1.26523e-01  4.25183e-02  4.98356e-02  2.84269e-01
   4.05282e-01 -4.90306e-02  1.82271e-02  1.90471e-01 -1.19612e-02
  -1.30615e-01 -1.99057e-01  1.87468e-01 -5.24275e-01 -3.23082e-01]
 [-1.04896e-01 -1.55347e-02 -7.02628e-02  2.61934e-01  7.40429e-02
  -5.08887e-02 -1.20397e-01  3.75964e-01  2.30416e-01  9.68510e-02
   3.99483e-03  7.77456e-03 -4.87372e-02  5.35505e-02 -2.92488e-01
   4.85741e-01 -1.97790e-01  1.14975e-02  2.41891e-01 -1.64751e-02
   7.08043e-02  1.34197e-01  1.93549e-02 -1.91246e-01 -1.50830e-02]
 [ 1.01376e-01 -5.00191e-02  2.28290e-01  2.51369e-01 -8.66933e-02
   5.55187e-02  6.50775e-02  7.24350e-01  2.35367e-01 -1.32271e-01
   3.35789e-01 -1.31820e-01 -1.26068e-01 -2.54474e-01 -2.71170e-01
   4.27843e-01 -1.36414e-01  1.84819e-01  1.04773e-01  8.25540e-02
   8.28634e-03  1.76011e-01  1.91775e-02 -5.73680e-01 -3.19345e-01]
 [-7.51693e-02  1.33690e-02 -2.17799e-01  5.23245e-01 -9.64955e-03
   5.77173e-02 -6.44621e-02 -2.77504e-01 -4.73601e-01 -4.63477e-02
  -3.35616e-02 -1.09961e-01  1.10068e-01 -7.29572e-02 -6.22564e-02
  -3.17239e-01 -5.61694e-02  8.99140e-02  5.09406e-02  1.73323e-01
   8.56906e-02  1.75460e-02  2.33841e-01 -9.66278e-01  1.43551e-01]
 [-3.93979e-02 -1.08383e-01  7.66667e-02  1.51160e-01  5.65779e-02
   4.82592e-02  6.62985e-02 -7.99424e-02  7.76245e-02  1.00602e-01
   2.50702e-01  1.59036e-02  9.36587e-02  1.14743e-01  1.99988e-02
   2.10221e-03  1.51597e-01  1.15532e-01 -6.83734e-02  5.35824e-02
  -1.00300e-01 -3.08865e-04 -7.47198e-02 -6.02769e-01  1.08092e-01]
 [-1.30368e-01 -2.80505e-01  4.43416e-02  2.36088e-01  1.18453e-01
   6.82547e-02  2.12259e-01 -4.54122e-01  1.24849e-01 -4.35375e-02
  -2.09374e-01  1.91050e-01 -1.65451e-02  4.29197e-02  1.50396e-01
   1.61266e-02 -1.38357e-01 -9.06809e-02  6.96607e-02  2.39277e-02
  -8.14922e-02  1.25746e-01  6.28275e-02 -8.65274e-01  2.76435e-01]
 [-1.37926e-01 -2.34354e-02  8.13255e-02 -5.81573e-02  1.72721e-01
   4.40555e-02  2.17235e-02 -1.24232e-01  1.89127e-01 -4.86097e-02
   1.27983e-01 -2.27683e-02 -4.62172e-02 -1.16606e-01 -1.03492e-01
   1.02282e-01 -2.00656e-01 -1.38392e-02  1.61052e-02 -1.29601e-01
  -5.52507e-02 -3.11612e-02 -8.87232e-02 -2.63043e-01 -1.66829e-01]
 [-8.61750e-03 -5.74353e-02 -5.87052e-02  2.34619e-01  1.19885e-02
  -3.05783e-03  1.07494e-01 -9.74784e-02  1.73782e-02  1.60031e-01
   2.14361e-01  9.53762e-02  6.85814e-02 -6.27517e-02 -2.06105e-02
   1.21059e-01  2.00398e-02  7.41980e-02  4.31014e-02  1.15945e-01
  -2.30011e-01  1.60369e-01 -2.38655e-01 -9.93873e-01  6.41344e-02]
 [-1.73831e-02  7.28088e-02 -6.12598e-02  2.96503e-01  6.90276e-02
  -3.78326e-02 -7.63669e-02  7.12193e-01  3.00573e-01 -2.50891e-01
   2.98042e-01  1.92314e-02  4.33140e-01 -1.99503e-01 -2.07045e-01
   3.73717e-01 -8.48240e-02  8.81997e-02  1.63752e-01  8.55597e-02
   1.17829e-01  9.34116e-03  5.98235e-02 -4.94384e-01 -4.02006e-01]
 [-1.43457e-01 -7.78214e-02  1.31109e-01  1.97470e-01  2.01349e-01
  -4.19147e-02 -2.32162e-02  3.89637e-01  5.97351e-01 -9.02900e-02
   7.43516e-02  1.16195e-01  2.31624e-01 -1.44109e-01 -2.65967e-03
   1.20143e-01  4.33464e-02  6.25705e-02 -1.30720e-01 -1.64587e-03
  -1.35191e-02 -9.77962e-02 -9.11957e-02 -3.85492e-02 -1.35926e-01]
 [-1.99599e-01 -5.13711e-02  1.78063e-02  1.06397e+00  1.23210e-01
  -1.72253e-01 -3.66430e-02  6.60879e-01  6.84723e-01  1.99447e-01
   1.73350e-01 -8.65470e-02  3.46756e-01  7.62415e-02 -4.63037e-01
   2.86211e-01  1.23638e-01 -1.11734e-01 -4.47438e-02  7.85138e-02
   9.18163e-02  6.75599e-02 -1.17703e-01 -2.18757e+00 -3.73819e-01]
 [ 5.78740e-02  9.23508e-02  1.29139e-01 -3.81604e-01  1.48435e-01
  -5.41535e-02  6.46164e-02  5.46021e-02 -2.75469e-01 -1.20701e-01
  -2.26992e-01  1.09350e-01 -3.95696e-01  3.14954e-01  1.49983e-01
  -1.68054e-01  9.89613e-02 -5.11226e-02  6.57761e-02  1.73841e-01
   3.93350e-02 -2.28166e-01  1.10194e-01  5.57203e-01  2.96815e-01]
 [-2.70022e-02  3.14688e-02  4.72139e-02  3.15170e-01  6.13259e-04
  -1.06138e-01  2.90417e-02  4.67043e-01  3.99252e-01 -6.13241e-02
   1.13520e-01 -1.03750e-01  1.51780e-01  7.17615e-02 -1.34972e-01
   7.09319e-01  1.10931e-02  5.30464e-02  8.09448e-02  6.38435e-02
  -2.38312e-01  1.26278e-01  5.09147e-02 -7.23279e-01 -8.08123e-01]
 [-3.92318e-01 -1.86349e-01  6.94432e-02  5.36020e-01  1.24132e-02
   6.11551e-02 -2.37077e-01 -5.46951e-02 -1.04098e-01 -1.61639e-02
   1.63788e-01  6.92947e-02  1.40181e-01 -5.16782e-02 -3.11015e-01
  -1.11227e-01 -1.67844e-01 -2.86275e-02 -1.00693e-01  2.09606e-02
   2.22358e-01  4.75204e-02 -5.38726e-02 -7.99315e-01 -1.77895e-01]
 [ 2.38290e-02  2.74999e-02 -2.79437e-01  4.12720e-01 -5.50294e-02
  -9.85247e-03 -1.74415e-02 -2.13752e-01 -4.81931e-01  4.98672e-02
   6.23379e-02 -9.80009e-02  1.41379e-02 -8.42965e-03  2.31898e-01
  -4.54248e-01  1.22926e-04 -1.05483e-01 -1.57388e-01  1.13496e-01
  -1.84169e-02 -1.12590e-01  1.01284e-01 -8.62027e-01  5.23894e-02]
 [-3.81568e-02 -3.13684e-02 -8.41919e-02 -3.77817e-01 -3.90130e-02
  -2.05718e-01  2.07344e-02 -5.94071e-01 -6.45035e-01 -1.80347e-02
  -1.57644e-04  1.37828e-01 -3.92989e-01  9.65253e-02  4.18599e-01
  -3.30648e-01  6.96324e-02 -2.39930e-01  4.84205e-02  8.92676e-02
   7.32458e-02  2.04614e-01 -3.03108e-02  4.53708e-01  4.28226e-01]
 [ 2.12839e-02  1.57733e-01  3.81623e-02  4.02157e-01  1.82871e-01
   2.94928e-01  6.74233e-02 -1.70653e-01  1.71254e-01 -4.79902e-02
   3.45067e-02  4.09095e-02  1.91355e-01 -6.97391e-02 -3.71418e-01
  -1.52159e-01 -1.79654e-01  4.27296e-02 -1.94037e-02  1.65027e-01
   1.22139e-01  3.75626e-02 -1.08295e-01 -5.37051e-01 -3.41991e-02]
 [ 5.46818e-02 -7.65066e-02 -1.26533e-01  2.09922e-01  2.89114e-03
  -1.09033e-01 -9.67746e-02 -3.12068e-01 -5.59312e-01 -3.01835e-02
  -1.21045e-01  6.71896e-02 -3.65838e-01  4.84805e-02  3.78576e-01
  -2.51363e-01  7.19708e-02 -3.62010e-01  9.42128e-02  1.60336e-01
   6.67734e-04 -1.46787e-01 -8.69863e-02 -9.83618e-01  4.96419e-01]
 [ 7.82460e-02  2.38585e-02 -1.52528e-02  2.53671e-01  8.22835e-02
  -1.11081e-01  2.15566e-01 -1.21563e+00 -2.20411e-02 -5.70410e-02
  -1.03492e-01  3.94566e-02 -2.12394e-01  4.22605e-02  1.61597e-01
  -1.85258e+00 -6.96703e-03 -2.37695e-01 -2.09960e-01 -2.54568e-02
  -7.66888e-02 -2.73686e-02 -8.78204e-02 -7.48061e-01  5.76692e-01]
 [-2.28025e-02 -1.33074e-02 -2.38149e-01 -1.19792e+00  9.51243e-02
  -1.79915e-02 -9.76421e-02 -9.47435e-01 -8.11561e-01 -2.16740e-02
  -1.41900e-01  1.13232e-01  3.35862e-01  2.28608e-02 -2.30160e-01
  -3.71581e-01 -1.06900e-01  1.07419e-01  4.55914e-02  1.18954e-01
  -5.84383e-02  1.07923e-01 -9.37763e-03  1.73598e+00  4.24215e-01]
 [-1.08990e-01 -8.25840e-03  5.17173e-02 -7.05998e-01 -7.85119e-04
   1.22945e-01  6.25910e-02 -7.48667e-01  9.95431e-04 -9.97392e-02
  -2.14376e-01  1.44589e-01 -1.34703e-01 -2.26932e-01  1.97467e-01
  -3.85179e-01 -4.73031e-03 -8.77841e-02  2.10908e-01  5.81204e-02
   1.65691e-01  6.07317e-02 -8.77372e-02  4.43449e-01  1.52625e-01]
 [-6.91716e-02  9.65886e-02  8.69974e-02  1.09145e-01 -9.02939e-03
  -6.16318e-02 -9.43728e-02  2.12211e-01 -6.31860e-02 -8.21262e-02
  -2.44405e-01  4.28607e-02 -1.29748e+00  1.74538e-01  1.38039e-01
   3.04054e-01 -2.02208e-01 -6.70316e-02  5.25662e-02 -6.80494e-02
  -3.12528e-02  9.49030e-02 -1.46466e-01 -5.13483e-02 -1.22693e-01]
 [ 5.89448e-02  3.78072e-02 -5.17680e-02 -1.01733e+00 -4.80100e-02
   1.12762e-01  5.46685e-02 -3.50436e-01 -4.82397e-01  1.84596e-03
  -2.83896e-01  1.00069e-02  3.01103e-01  7.29937e-03  6.37136e-02
  -2.01155e-01  5.48515e-02  1.66237e-01 -5.47495e-06  2.49653e-01
  -3.00385e-02  4.60187e-02  9.51628e-02  1.41548e+00  5.38263e-01]
 [ 9.57727e-03 -9.35937e-02 -1.67803e-01 -6.93748e-01  3.72847e-02
   2.61853e-02  2.24336e-02 -5.77996e-01 -6.29361e-01  8.30558e-02
  -8.55798e-02  9.81034e-03 -2.56199e-03  7.74527e-02  4.59354e-02
  -2.28926e-01 -1.24408e-01 -1.54334e-01  1.34005e-01  7.89783e-02
  -1.61734e-01  1.66338e-01 -8.95287e-02  8.15138e-01  2.07600e-01]
 [ 1.39013e-01  5.85081e-02  7.13026e-02  8.97515e-02  2.49671e-01
  -2.19990e-01 -1.32482e-02  3.87514e-02 -1.00312e-01 -2.01933e-02
   1.04707e-01  1.23885e-01  1.93694e-01  1.05657e-02  2.60775e-01
   6.04201e-02  4.00612e-02  1.99840e-01  1.70889e-01 -1.48553e-01
   6.42081e-02  1.42639e-01  5.14559e-02  8.12588e-02  2.98927e-01]
 [-3.05143e-02  1.80912e-02 -4.24934e-02  4.60091e-01 -1.28030e-01
   1.40923e-01 -2.82387e-02  4.83571e-01 -3.57277e-02  1.66964e-01
   6.03509e-01  8.76165e-02  1.92379e-01  6.31177e-02 -2.80748e-01
   2.21745e-01 -4.58194e-02  2.96037e-02 -6.07890e-02 -7.61670e-04
  -1.80680e-02  8.89316e-02  3.41773e-02 -3.38464e-01 -1.17129e-01]
 [-1.32240e-01  1.22334e-01  3.73694e-02  9.53403e-02 -1.61705e-01
  -9.04267e-02  3.94673e-02 -2.09177e-02 -1.88609e-01 -1.96439e-01
   2.35112e-02  1.32652e-01 -1.83247e-01  7.73390e-02 -3.62405e-02
  -1.12514e-01 -3.70993e-02 -1.34712e-01 -9.36106e-02  6.19488e-02
  -7.84316e-02 -9.12609e-03  3.28422e-02  3.15689e-01  2.56743e-01]
 [-6.79362e-02 -5.32428e-02 -3.82627e-02 -1.78481e-01  1.72633e-01
   1.80413e-01 -2.00707e-01 -6.24994e-02 -8.29733e-02  1.33457e-01
  -3.74268e-02  2.25355e-02 -9.78770e-02 -9.27169e-02 -1.25317e-01
  -2.55772e-02  1.32227e-02  3.05604e-01  1.95906e-01  1.60318e-01
   1.87271e-01 -4.14499e-02  4.87568e-02  3.23153e-03 -2.00782e-01]
 [ 5.35402e-02  1.51403e-02 -1.77342e-01 -1.03296e+00 -7.22052e-02
  -1.59114e-02 -3.91877e-02 -7.62342e-01 -1.23576e+00  1.26649e-01
  -3.41777e-01  1.43797e-01 -1.24027e-01  1.01360e-01  4.82528e-01
  -5.11755e-01  1.50284e-02 -3.14825e-02 -9.46086e-02  1.34557e-01
   8.77248e-02  9.91918e-02  1.41292e-01  9.30779e-01  7.74070e-01]]

W2: 
[[-0.08059]
 [ 0.02912]
 [-0.27555]
 [-3.07671]
 [ 0.24022]
 [-0.27579]
 [ 0.16374]
 [-2.67568]
 [-2.59723]
 [-0.07885]
 [-1.25161]
 [ 0.34375]
 [-1.97888]
 [ 0.78379]
 [ 1.48101]
 [-2.11868]
 [-0.16038]
 [-0.48939]
 [ 0.08364]
 [ 0.0546 ]
 [-0.25943]
 [ 0.22046]
 [ 0.55839]
 [ 5.21818]
 [ 2.16968]]

# --- EXPERIMENT COST, ACC. & ERROR HISTORY --- #

cost: 
[0.72764 0.68978 0.65856 ... 0.25722 0.25722 0.25722]

accuracy: 
[0.      0.      0.      ... 3.11284 3.11284 3.11284]

error: 
[126.5 126.5 126.5 ... 107.5 107.5 107.5]