# --- APTitude Experimental Analytics Report (v12-higher-epochs) --- #

# --- EXPERIMENT HYPERPARAMETERS --- #
epochs: 100000
alpha: 0.0001
lamb: 0.001
train_size: 0.9
threshold: 7000
l1: 25
b: 0.8

# --- LEARNED MODEL PARAMETERS --- #

W1: 
[[ 4.22478e-01  6.96811e-02 -2.51601e-01  3.00879e-01  8.54964e-02
   7.93038e-01 -2.19828e-02  8.13520e-02  2.09928e-01 -1.19223e-01
  -4.46249e-02 -2.05055e-01 -7.47342e-03 -4.21329e-01 -5.76844e-01
  -5.13084e-01 -5.96729e-02 -1.26427e-01  4.65536e-01 -3.83317e-01
   8.19896e-02  6.06161e-01 -3.25773e-01  8.89095e-02  4.08779e-01]
 [-3.50697e-01  1.72549e-01  1.97387e-01  4.12994e-01  2.91863e-02
  -4.77936e-01  2.27674e-01  4.77401e-03 -2.77216e-02 -6.29397e-02
   1.16460e-01 -8.92984e-02 -8.94317e-02  2.48545e-01  2.82660e-01
   4.67993e-01 -7.33068e-02 -3.91836e-02 -1.56616e-01  3.61221e-01
   5.49524e-01 -4.29340e-01  3.22983e-01  1.07283e-01  1.43579e-01]
 [ 4.70332e-01 -5.77003e-02 -2.62811e-01 -7.10428e-01 -3.19849e-01
   1.20718e-01 -1.35970e-01 -1.11858e-01  7.89176e-02 -2.07794e-01
   7.82772e-02 -2.57883e-01 -7.39553e-02 -3.62517e-01 -5.26507e-01
  -8.00382e-01 -2.45958e-01 -6.09237e-02  2.65052e-01 -6.13808e-01
  -1.65872e+00  1.91481e-01 -4.02724e-01 -1.04810e-02 -3.55743e-01]
 [-6.25671e-01  8.87113e-02 -9.08144e-02  3.73135e-01 -3.72785e-02
   3.73447e-03  9.57066e-02 -4.22789e-02  2.88743e-01  2.30572e-02
  -2.68750e-01 -5.25259e-02  5.56160e-02  4.66480e-01 -5.42893e-01
   3.83282e-01  6.98222e-02 -7.52563e-02 -5.78390e-02  2.88517e-02
  -1.21092e-01  8.74832e-01  4.24961e-01  1.21456e-01  1.08274e+00]
 [-3.35127e+00 -3.32966e-01 -2.69236e-01 -5.73978e-01  3.13817e-02
  -2.31867e-01 -5.12935e-02 -6.66351e-02  1.70768e-01  1.64881e-01
   4.34610e-02 -1.54556e-01 -2.78131e-01 -2.19648e-02 -1.87457e-01
  -5.83277e-02  1.48278e-02 -4.38580e-02  3.56597e-01 -2.43847e-01
  -8.04331e-02  7.30710e-02 -8.32150e-01  6.81580e-02  3.55984e-02]
 [-2.30714e-02  9.97064e-03 -2.71686e-01  2.26196e-01  7.71356e-02
  -6.15746e-01 -1.45300e-01  1.44771e-01  4.23275e-02 -1.92114e-01
   1.25836e-01  8.64059e-02 -2.79422e-02  5.55515e-02  3.65799e-01
   5.29669e-01  6.09570e-02 -1.45021e-01  2.18025e-01  5.66798e-01
   7.62796e-01 -8.75584e-01 -3.35008e-01  5.81720e-02  2.95119e-01]
 [ 3.73340e-01  7.28873e-02 -3.88779e-01  5.05058e-01  1.10171e-01
   1.55865e-02 -1.50706e-01  1.74873e-01  5.28260e-02  5.64480e-02
   2.51633e-02  8.02112e-02  1.34231e-01 -1.40850e-01 -1.26532e-02
   2.14685e-01 -1.51134e-01 -5.35409e-02  1.15422e-01 -2.29316e-02
   6.67647e-02 -5.42538e-02 -2.45051e-01  6.49491e-02  3.42362e-01]
 [-5.86989e-02  6.20013e-02  1.09598e-01 -6.84797e-02 -9.25553e-02
  -2.92726e-01  1.08019e-02 -1.40003e-02  1.75414e-02 -1.20688e-02
  -5.24088e-02 -1.51733e-02 -6.77352e-03  3.75499e-01  1.60739e-01
   5.13968e-01 -6.51780e-02 -8.02100e-02  9.91814e-02  3.64489e-01
  -3.34235e-01 -3.91114e-01 -1.17489e-01  8.77188e-03 -5.60342e-01]
 [-8.01778e-02  1.26063e-01  3.87575e-01  1.78592e-01 -1.81855e-01
  -2.79160e-01 -1.66777e-01  1.16895e-01  7.17592e-02 -3.82647e-02
  -5.53680e-02  1.33715e-01 -1.65598e-01  3.37569e-01 -6.31371e-02
   3.72432e-01 -3.41567e-02 -2.24838e-03 -1.77098e-01  1.39142e-01
   3.83793e-01  1.35107e-01  2.65084e-01 -1.78803e-02 -3.46501e-01]
 [ 1.56764e+00 -5.76229e-02  8.21987e-01  3.55198e+00 -1.66702e-02
   6.38214e-02 -1.95811e-01 -1.70808e-01  1.85104e-01 -9.23881e-02
  -1.00351e-01  6.88522e-02 -1.38372e-01 -2.24167e-01 -4.04600e-01
  -4.92441e-01  1.76827e-01 -2.95447e-02  3.47204e-01  5.90265e-01
  -3.94980e+00 -2.18736e+00 -2.09931e+00 -5.92778e-02 -2.01509e+00]
 [-1.76721e-01 -1.75899e-02 -1.27560e-01  4.98856e-01 -3.16390e-02
  -6.93830e-01  1.56679e-01 -1.91120e-01 -2.00281e-01  7.66187e-02
   7.95850e-02  5.87260e-02 -7.89719e-02  5.86143e-01  3.61464e-01
   1.02777e+00  6.26576e-02  1.03242e-01 -1.69416e-01  6.53197e-01
   7.75193e-01 -8.45590e-01  4.23852e-01 -1.28296e-01  3.31477e-01]
 [-3.39923e-01  1.67815e-01  9.69597e-03  2.90483e-01 -2.04768e-01
  -1.40208e-02  2.06473e-01  4.68438e-02  8.75699e-02  4.56949e-03
  -9.21714e-02 -1.29261e-01 -8.53962e-03  2.46393e-01  2.29129e-01
   4.19417e-01 -3.90826e-02 -6.96601e-02 -2.88023e-01  2.09738e-01
   1.57740e+00  2.53488e-01  7.49381e-01 -9.80081e-02 -1.85131e-01]
 [-4.54663e-01  1.03823e-01  6.91284e-02  4.50793e-01  1.00939e-01
  -2.43289e-01  1.04765e-01  3.85694e-02 -3.59875e-02  3.22925e-03
  -1.44431e-01 -1.87321e-02 -5.19595e-02  4.88591e-01 -1.03972e-01
   6.36239e-01  1.21437e-01  1.83265e-01 -1.90250e-01  2.08577e-01
   1.41590e-01 -3.06298e-01  1.85095e-01  9.46725e-02  1.51203e-01]
 [-1.70239e-01  8.23330e-02  2.32614e-01  2.80326e-01 -9.32320e-02
   1.33328e-02  6.04440e-02  6.80178e-02 -3.06687e-02  8.91174e-02
  -1.98295e-01 -2.06914e-01  6.89345e-02  3.24365e-01 -2.18640e-01
   3.34464e-03 -1.49587e-01 -1.83177e-01 -8.71477e-02 -5.57356e-02
  -8.42467e-02  6.32119e-02  1.22869e-01  4.26825e-02 -2.94293e-01]
 [ 1.14817e-01 -9.22524e-02 -5.15612e-02  1.13567e+00 -2.38915e-01
   1.12279e-01 -2.49715e-01 -4.81949e-02 -1.60108e-01 -2.89193e-02
   1.44310e-01  4.84613e-02  6.97350e-02  8.61856e-02  4.02332e-01
   7.38216e-01 -9.73646e-03 -2.26037e-01 -6.18013e-02 -6.09878e-02
   2.10999e-01  2.55452e-01  1.69129e-01  9.13463e-02  2.36227e-01]
 [ 3.17522e-01 -2.11796e-01  1.12741e-01  3.00921e-01 -8.90851e-02
  -1.90903e-01  1.24687e-02 -1.06379e-01  1.39816e-01 -3.15546e-02
  -6.01650e-02  3.22841e-02  1.87853e-02  1.40165e-01 -5.56454e-02
   3.77490e-01 -6.32347e-02 -8.12165e-02 -1.52086e-01 -1.44385e-02
   7.67187e-01  1.01758e-01  1.53081e-01  2.89747e-03 -4.02328e-02]
 [ 3.89884e-01 -1.10209e-01  1.33642e-01  6.13133e-01 -2.04287e-01
   1.24794e-01  1.76454e-01  5.27026e-02  1.69043e-01 -1.14752e-01
   6.52760e-02  3.92583e-02 -2.51172e-02 -9.31300e-02  1.58909e-01
   2.29960e-01 -7.85213e-03  2.21134e-02 -3.08903e-02 -1.62743e-01
   2.46876e-01 -1.05349e-02 -4.32259e-02 -1.26013e-01  2.39481e-02]
 [-2.64676e-01 -1.66761e-01 -3.40138e-02  9.40365e-02  5.80512e-02
   3.01030e-04  1.40638e-01 -1.18094e-01 -1.45577e-02 -2.32736e-02
   3.82294e-02 -1.04828e-01  3.21836e-02  4.23676e-01 -5.77494e-02
   2.02914e-02 -1.00138e-02  9.55975e-02  6.08380e-02  2.21911e-01
   1.17703e-01 -1.26662e-01  2.68371e-02 -5.82239e-02  3.88384e-03]
 [ 1.74497e-01  1.38358e-01  5.00447e-01  3.81933e-01 -1.61585e-01
  -2.12275e-01  4.06503e-02 -1.27082e-01  1.54840e-02 -3.52852e-03
  -4.32543e-02  1.77424e-01 -1.10664e-01  2.87503e-01  2.27527e-01
   2.89483e-01  2.21352e-01 -1.64088e-01 -2.94087e-01  1.30372e-01
   3.83544e-01 -9.79393e-02  2.85405e-01  6.28046e-02 -9.00875e-02]
 [-3.79413e-01  1.01269e-01  4.42822e-01  5.18480e-01  3.24966e-02
  -6.00300e-01  2.20669e-01 -2.08602e-01 -2.01730e-01 -9.22994e-02
  -1.90621e-02  1.74403e-01 -8.31494e-02  7.31357e-01  4.69621e-01
   7.84002e-01  1.06373e-01 -1.87534e-02 -3.54395e-01  5.15747e-01
   6.35497e-01 -3.29966e-01  3.35239e-01  4.65316e-02 -4.43171e-01]
 [-1.67299e-01  8.90198e-02  4.06070e-02  3.34065e-01 -1.26811e-01
  -3.89007e-01  1.70243e-02  1.38666e-02 -1.13120e-02 -7.51868e-02
  -4.45762e-02 -1.42409e-01 -3.63471e-03  2.95390e-01  2.36817e-01
   4.27046e-01 -1.15947e-01  5.82350e-02 -2.52191e-01  2.59277e-01
   5.59085e-01 -5.29232e-01  1.40726e-01  2.47191e-01 -2.60988e-02]
 [-1.94648e-01  1.73936e-01  6.23776e-01  8.45964e-01  1.36683e-02
   1.90498e-01  1.14044e-01 -4.21887e-02 -5.99732e-02 -4.88792e-02
  -9.07124e-02  1.38224e-01 -1.27359e-01  1.52704e-01  8.15770e-01
   6.88296e-01  1.09809e-01  7.91615e-02 -5.62116e-01  4.98485e-01
   1.65927e+00 -9.22793e-02  6.99644e-01 -5.85555e-02 -4.58444e-01]
 [ 3.49994e-01  5.65951e-02 -1.48803e-01 -6.68660e-01  1.08847e-01
   2.74013e-01 -6.43273e-02 -7.53518e-02  8.22672e-02 -1.07227e-01
  -2.13722e-01 -8.21475e-02 -2.50284e-01 -6.39470e-03 -8.54489e-02
  -9.13031e-04  3.64624e-01 -5.65437e-02 -3.20699e-03 -1.51405e-01
  -3.26222e-01  6.51040e-02 -2.20608e-01  8.78432e-02  3.29367e-01]
 [-2.67357e-01  6.01592e-02  2.91678e-01  5.42565e-01 -2.75830e-02
  -5.53528e-02 -1.81477e-03 -3.27551e-02 -1.07673e-01  1.27744e-01
  -7.73222e-02  7.99140e-02 -1.07834e-02  4.34391e-01  1.37888e-01
   5.63927e-01  1.65512e-01  4.45478e-02 -2.78589e-01  5.51726e-02
   4.18436e-01 -3.73208e-01  6.76015e-01 -5.49850e-02 -2.94710e-01]
 [-1.71676e-01 -7.79709e-02  2.34028e-01  7.20788e-01  2.05676e-01
  -3.99280e-01  4.44688e-02  5.99278e-02 -1.12764e-01 -2.20874e-02
   4.87594e-02  3.39177e-01  4.83976e-02  3.15587e-01  1.74297e-01
   5.19236e-01  5.08968e-02 -2.75895e-02 -1.58473e-01  1.60870e-01
   2.45631e-01 -1.95297e-01  3.51905e-01  1.40473e-01  1.50453e-01]
 [ 6.36443e-01  2.72227e-02  1.97558e-02  6.60313e-01 -9.90948e-02
   3.26424e-01 -2.07779e-01  3.75763e-02 -1.21640e-01 -7.31665e-02
   1.35537e-01 -4.83086e-02  6.19736e-02 -1.17830e-01  3.45744e-03
   2.18955e-01 -1.21570e-01  3.53723e-02  2.22882e-01 -4.06138e-01
  -7.00536e-02  3.79941e-01  1.13852e-02 -1.16483e-01  1.38706e-01]
 [ 8.40659e-01 -1.29777e-01 -1.27734e-01 -8.95544e-01 -2.07066e-01
   5.66959e-01 -3.47555e-01 -4.51505e-02  1.61615e-01 -5.06935e-02
  -5.65198e-02 -1.50515e-01 -9.32036e-02 -3.89845e-01 -3.01599e-02
  -4.67714e-01 -1.83631e-01 -4.91377e-03  2.44835e-01 -1.68925e-01
  -1.08767e+00  4.26551e-01 -6.82472e-01  1.30029e-01  3.81297e-01]
 [ 9.43268e-02  1.60828e-01  1.83005e-01  6.30448e-01 -7.54698e-02
  -8.23621e-02  7.48481e-02  1.69564e-01 -1.63481e-01 -1.22397e-01
  -7.35638e-03  1.82406e-01  3.37262e-02  2.58286e-01  1.31197e-01
   5.29442e-01 -1.71506e-01 -3.76649e-02 -3.84030e-01  2.06851e-01
   8.82310e-01  2.24061e-02  5.40155e-01 -6.49749e-02 -1.01501e-01]
 [ 8.45366e-02 -2.09326e-02  1.64422e-01  2.88783e-01 -1.31187e-01
   6.56079e-01  3.14157e-02 -6.89223e-02  1.53045e-01 -4.55895e-02
  -2.80880e-01 -3.92532e-02 -9.49171e-02 -8.15181e-02  3.95505e-01
   6.38802e-02  1.38677e-01  1.73382e-01 -1.03720e-01 -2.53159e-02
   6.86024e-01  2.23207e-01  2.91341e-02  1.05144e-03 -1.76127e-01]
 [-3.42886e-01 -4.82990e-01 -2.87570e-01  5.35599e-01  5.66567e-02
   4.82575e-01  9.56746e-02 -4.91563e-03 -1.04174e-01 -1.33116e-01
  -3.71306e-02 -2.02675e-01  4.85601e-02 -2.98017e+00 -4.62595e-01
  -3.86005e+00 -2.87142e-01 -5.61298e-02  2.15934e-01 -3.37505e-01
   1.44310e+00  4.20129e-01  2.47189e-01 -2.41653e-02  4.08144e-01]
 [ 4.90510e-01  6.92152e-02 -3.87260e-01 -1.99008e+00 -4.12583e-02
   6.51002e-01 -4.91840e-02 -1.81218e-01 -1.71739e-01 -6.40666e-02
  -4.01144e-02 -8.78748e-02 -1.02692e-01 -1.99752e-01 -3.29996e-01
  -7.74303e-01 -6.36771e-02 -1.27712e-02 -4.72931e-02 -6.81927e-01
  -1.00215e+00  6.95451e-01 -5.27889e-01 -1.26580e-01  4.74861e-01]
 [ 2.86611e-01  1.10145e-01 -4.36408e-01 -1.02802e+00  1.73998e-01
   3.93690e-02 -3.14209e-01 -2.15155e-01  1.77791e-01 -1.39460e-01
   1.21210e-02  1.45430e-01 -3.70672e-02  3.99642e-02 -3.88166e-02
  -2.11542e-01  4.21818e-02 -4.27250e-02 -1.07157e-01 -2.67756e-01
  -4.03835e-01  2.90036e-01  1.36456e-01  1.50062e-01  3.07497e-01]
 [-1.24497e-01  1.11391e-01 -3.07006e-01  1.30688e-01 -1.49024e-02
   2.53073e-01  1.89447e-01 -3.87889e-02  2.42344e-01 -7.19874e-02
  -2.81335e-02 -8.00589e-02  4.33900e-02  1.77195e-01 -1.86873e+00
   1.80938e-01 -1.53608e-01  4.80591e-03  4.06808e-01 -2.63908e-03
   2.41565e-01  7.19594e-01 -4.24173e-02  1.38936e-01 -5.42743e-01]
 [ 5.85077e-01 -2.17526e-02 -1.80171e-01 -1.75140e+00 -1.32655e-01
   6.11040e-01 -1.87344e-01 -9.93501e-03 -1.02130e-01  6.71396e-02
   1.41611e-01 -5.30077e-03 -7.70557e-02 -1.96380e-01 -4.82841e-02
  -3.72615e-01 -2.23798e-01  1.72278e-02  4.48959e-02 -6.84041e-01
  -1.18742e+00  2.50014e-01 -1.37506e-01 -1.62416e-01  3.87760e-01]
 [ 1.39342e-01  1.23155e-02 -4.28672e-01 -8.66486e-01 -1.00793e-02
   1.74755e-01  2.48635e-02  3.25674e-02 -7.59198e-02 -1.24160e-01
  -2.10643e-01 -3.22363e-02  1.84151e-01 -3.91427e-01 -4.07788e-01
  -1.61787e-01 -4.15413e-02 -1.76307e-01  2.53501e-01 -4.78797e-01
  -5.54824e-01  4.14941e-01 -1.81776e-01 -9.66842e-03  4.39933e-01]
 [ 4.01538e-01  1.13450e-02  2.57519e-01 -7.30374e-01 -2.43269e-03
   8.07843e-01  1.92009e-02 -1.37940e-01  1.34723e-01  9.55626e-02
  -1.35419e-01  3.72906e-03 -5.30556e-02 -2.72030e-01  2.17576e-01
  -2.92240e-01 -9.43653e-02  1.15963e-01  4.54664e-01  9.18910e-02
   1.00868e-01  5.68391e-01 -3.60619e-01 -1.73762e-01 -8.62773e-02]
 [-2.15703e-01 -2.82986e-02  3.77846e-01  9.10351e-01  1.42153e-01
  -2.22624e-02  2.16376e-02  7.51798e-02 -1.76033e-01  1.34297e-02
   1.37904e-01  1.55805e-01 -1.04427e-02 -5.87816e-02  3.10168e-01
   3.23166e-03 -8.07287e-02  1.71520e-01 -9.51778e-02 -4.08736e-01
   5.22292e-01  1.40261e-01  2.70788e-01 -1.06546e-01 -5.11174e-01]
 [ 2.80964e-01 -2.43660e-01  3.91611e-02  1.91708e-01 -8.55246e-02
   2.00904e-01  2.34969e-02 -1.76774e-01  8.19774e-02 -1.16716e-01
   1.23647e-02 -8.37546e-02  1.44116e-01 -2.19875e-01  4.05378e-01
  -2.87425e-01 -1.38903e-01 -1.21563e-01  4.41378e-01  1.82881e-01
   3.05082e-01  2.55697e-01 -2.25374e-01 -3.91350e-02 -4.74887e-02]
 [ 1.93569e-01 -4.77038e-01 -2.63324e-01  1.39179e-02 -9.38720e-02
  -2.30555e+00 -1.08927e-01 -8.65569e-02  6.15383e-02 -3.20208e-02
   5.12586e-02  1.42431e-01 -4.79429e-02 -2.50142e-01  3.14509e-01
  -2.35475e-01 -2.94724e-02 -7.89101e-02  3.23412e-01 -1.73275e-02
  -2.30198e-02 -3.35925e-03 -1.59116e-01  5.11384e-02  2.24698e-01]
 [ 7.57175e-01 -6.66270e-02 -4.09424e-01 -1.99158e+00  6.26230e-02
   7.32208e-01 -2.98330e-01 -4.85286e-03 -1.62965e-01  9.77618e-03
  -2.62581e-02 -5.70188e-02 -5.05688e-02 -3.93914e-01  6.55036e-02
  -2.86925e-01 -1.23684e-02 -8.13773e-02  2.34490e-01 -8.40740e-01
  -1.25961e+00  6.02025e-01 -8.46060e-01 -3.36247e-02  1.47116e-01]]

W2: 
[[ 3.66649]
 [-0.42496]
 [-1.548  ]
 [-5.44498]
 [-0.14287]
 [ 3.1632 ]
 [-0.58437]
 [ 0.15212]
 [ 1.10074]
 [-0.14762]
 [-0.32739]
 [-0.48488]
 [-0.01106]
 [-2.57508]
 [-2.2492 ]
 [-3.76941]
 [-0.34644]
 [-0.03922]
 [ 2.01357]
 [-1.89024]
 [-5.47125]
 [ 3.51277]
 [-2.76015]
 [ 0.90162]
 [ 3.10789]]

# --- EXPERIMENT COST, ACC. & ERROR HISTORY --- #

cost: 
[0.6006  0.58546 0.57254 ... 0.23043 0.23043 0.23043]

accuracy: 
[0.      0.      0.      ... 6.61479 6.61479 6.61479]

error: 
[124. 124. 124. ...  82.  82.  82.]