# --- APTitude Experimental Analytics Report (v9-stricter-classification-bounds) --- #

# --- EXPERIMENT HYPERPARAMETERS --- #
epochs: 50000
alpha: 0.0001
lamb: 0.001
train_size: 0.9
threshold: 7000
l1: 25
b: 0.9

# --- LEARNED MODEL PARAMETERS --- #

W1: 
[[ 7.04189e-03  1.33246e-01 -5.60628e-01 -3.15563e-03 -2.75542e-01
   2.10731e-01  9.14546e-02 -9.33656e-03  8.92642e-02  8.88913e-02
   9.26619e-02  1.48460e-02  5.56285e-02 -1.52853e-01 -4.45507e-02
   3.28103e-02  1.24029e-03 -2.26192e-03 -1.14372e-01  4.52616e-03
  -1.07932e-01  2.22553e-01 -6.38621e-02 -1.52884e-01 -2.40095e-01]
 [-6.06547e-01  9.56442e-02  4.49841e-01  2.92334e-01  2.29120e-01
   1.95910e-01 -1.55350e-01  8.47118e-02 -4.19199e-01  1.42018e-01
   5.06776e-02  7.94488e-02 -3.08300e-03  8.34490e-02  2.99989e-02
   1.51781e-03 -3.72734e-02  1.46612e-01 -2.25447e-02 -3.39971e-02
   4.08757e-03  2.99294e-02 -1.24296e-01  1.50721e-01  8.00493e-01]
 [ 5.78815e-01  6.61683e-02 -4.34357e-01 -2.13611e-01 -4.17762e-01
  -5.29636e-01 -1.08797e-01 -2.79465e-01  8.07694e-01  2.30599e-02
  -1.35100e-01 -1.24980e-01  1.11301e-01 -1.16254e-01 -1.77441e-01
  -1.26650e-01 -8.63805e-02 -3.73139e-01  2.67083e-01 -1.43008e-01
  -9.35335e-02  2.55289e-01  2.71678e-02 -3.54907e-02 -1.11714e+00]
 [-4.41377e-01 -7.27011e-02 -2.75991e-01 -1.25823e-01 -9.63651e-02
   2.01629e-01  1.49917e-01  1.66964e-01 -3.50407e-01  7.25717e-02
  -1.71972e-02 -6.98764e-02  7.56909e-02 -2.75255e-01  4.28548e-03
   2.56773e-02 -2.36114e-02  7.62668e-02  1.72414e-01 -1.43382e-01
  -3.43207e-03 -1.22127e-01 -2.49132e-02 -7.41643e-04  8.72799e-02]
 [ 3.28428e-01  1.72357e-01 -1.66322e-02  2.48761e-01  1.82605e-01
  -7.32358e-02  1.40162e-02  1.21111e-04 -2.00015e-01 -4.21763e-02
   1.08331e-01  3.25754e-02 -1.27098e-01  1.46705e-01  1.18945e-01
   7.60480e-02 -1.49600e-01  3.45496e-01 -5.82267e-02  4.10350e-02
  -9.11768e-02 -6.87895e-02 -1.81154e-01 -5.16168e-02  1.77218e-02]
 [-4.90745e-01 -2.83519e-01  2.81221e-01  2.51097e-01 -3.38357e-03
   8.30743e-02  1.88745e-01  1.16796e-01 -2.62796e-01  6.03700e-02
  -4.63549e-03  1.26745e-01 -7.84636e-02  1.87045e-01  2.10842e-01
  -1.52571e-01  6.97413e-02  6.89344e-02  1.42134e-01  2.59484e-01
  -9.59419e-05  3.44118e-04  8.80006e-02  5.69065e-02  6.89108e-01]
 [-2.47246e-01 -5.86360e-02 -5.36218e-01 -2.56913e-01 -2.20013e-02
   2.17187e-01  1.90186e-01 -6.49145e-02 -1.18149e-01  4.96131e-02
   7.89394e-02  4.56930e-03 -5.62534e-02 -7.03628e-02  3.04864e-02
   8.43697e-02 -4.88540e-03  1.26187e-01  5.70058e-02 -3.05064e-02
  -3.90405e-02 -1.48983e-02  3.47981e-02 -9.91931e-02 -1.78412e-02]
 [-3.56762e-01 -6.91812e-02  1.92099e-01  3.49746e-02 -4.26143e-02
   3.42319e-02  6.93848e-02 -1.42267e-01 -3.61659e-01 -4.08896e-02
  -1.74553e-01  1.89164e-01 -6.29260e-02  1.74184e-02 -4.24599e-02
  -5.55898e-02 -4.30821e-02 -2.29414e-01  3.33458e-02  1.98700e-02
   1.63915e-01  4.04417e-02 -3.69637e-03  9.05311e-02  1.75813e-01]
 [-4.43531e-01  7.49098e-02  3.94243e-01  1.77940e-02 -2.66018e-01
   3.43365e-01 -1.10823e-01  5.57254e-02 -2.97951e-02 -2.07260e-01
  -1.08950e-01  7.52630e-02  7.33669e-02 -2.20045e-02 -1.01306e-01
  -1.63975e-02 -4.07822e-02 -1.20312e-01  5.93840e-02 -5.48110e-02
   6.19408e-02  1.14577e-01 -9.54079e-02 -8.78417e-03  5.89024e-02]
 [ 4.11023e+00 -3.00894e-02  1.69949e+00  3.50322e-02  7.40052e-01
   1.91013e+00  1.50083e-01  7.29933e-01 -2.70380e-01 -9.93784e-02
  -3.42085e-02  2.54501e-01 -1.24999e-01  1.67206e-01 -5.81321e-02
  -1.30547e-01 -1.16495e-01  2.80268e-01 -4.05486e-02  8.75119e-01
  -2.61938e-01  5.23486e-03 -9.10886e-02 -3.95979e-03 -3.80292e-01]
 [-6.68225e-01  2.02750e-02  8.05861e-02  4.12307e-01  4.38038e-02
   9.84240e-02 -1.70274e-01  4.91431e-01 -1.01594e+00 -8.82658e-02
  -1.03869e-01  5.63189e-02 -7.09552e-02  2.20966e-01  1.84995e-01
  -2.99601e-02  4.49007e-02  2.32209e-01 -1.39773e-02  3.59564e-01
   2.21599e-01  6.36936e-02 -2.58791e-01 -2.45341e-01  9.68452e-01]
 [-6.73409e-01  4.36020e-02 -2.99908e-01 -1.91281e-01  2.69082e-01
   2.58233e-02  4.21569e-02 -1.98290e-01 -7.23830e-01 -1.17087e-01
  -3.77785e-02  1.23032e-01 -8.05368e-02 -2.08535e-01  1.82091e-02
   7.23191e-02 -2.01003e-03 -8.74147e-02 -4.02708e-02  1.03586e-01
   3.66813e-02 -4.93966e-02  2.74243e-01 -8.74036e-02  9.35919e-01]
 [-2.37372e-01  7.54233e-02  4.93627e-02  1.33830e-01  1.48036e-01
   1.24479e-01  6.67140e-02 -1.72593e-01 -5.26808e-01 -1.42685e-02
  -4.13369e-02  5.38291e-02  2.44707e-03 -3.20591e-02  1.25660e-01
   3.47381e-02 -5.84417e-03  4.17376e-03  3.61799e-02  6.38662e-02
   6.22259e-02 -1.02550e-01  8.08039e-02 -1.74236e-01  2.89819e-01]
 [-3.40587e-01 -1.07193e-01  4.00096e-01 -2.27882e-02  4.27769e-02
   7.18823e-02  3.68245e-02 -2.51671e-02 -8.05733e-02  1.77771e-01
   1.05047e-01 -1.86360e-01 -1.30304e-02 -7.15041e-02  1.88006e-03
  -1.00318e-01 -3.48181e-02  1.71414e-01 -2.01071e-02  5.02582e-02
   7.66316e-02  1.02410e-01  8.34042e-02 -5.66392e-02  1.55005e-01]
 [ 1.82892e-01  1.33534e-01  2.09682e-01 -5.90328e-02 -4.23899e-02
   4.74387e-01 -3.90458e-02  8.45935e-02 -1.33971e-02  5.85357e-02
  -6.28717e-02 -7.64441e-02  1.21630e-01  8.81969e-02  8.97017e-02
  -1.65350e-01  3.98988e-02  1.32402e-01  7.89115e-03  7.38404e-02
  -8.33527e-02 -2.78234e-02  8.05537e-02  1.49235e-01 -1.23312e-01]
 [-4.67767e-01 -4.44671e-02 -7.14429e-02  1.37420e-01  5.02214e-02
   1.39013e-01 -4.04633e-02 -5.47861e-02 -3.25218e-02 -4.99296e-02
  -5.60657e-02 -1.93392e-01 -9.35947e-02  7.56314e-02 -1.79571e-01
  -9.66097e-02 -1.94960e-01 -1.10896e-01  8.19652e-02  1.67273e-01
  -2.30754e-01 -7.32534e-02  1.66975e-01 -1.08520e-01  2.99047e-01]
 [-3.21981e-01 -5.24856e-02  1.41050e-01  2.08299e-01  1.60623e-01
   2.48518e-01 -1.68910e-01 -1.22406e-01  8.12730e-02 -6.96819e-02
   4.50102e-02 -5.18401e-02 -8.59143e-02 -1.74725e-02 -5.04180e-02
   1.56117e-01 -1.71477e-01 -1.26351e-03  1.30673e-01  2.30566e-02
  -2.30582e-02  9.55989e-02  4.55653e-02  4.07515e-03  1.37283e-01]
 [-8.27093e-02 -5.04128e-02  1.03629e-01  5.61804e-02 -1.55324e-01
   2.21485e-01  1.86533e-01 -2.58959e-02 -9.66220e-02  1.27156e-02
  -1.33056e-01 -1.36298e-01  1.06015e-01  8.99143e-03 -1.43139e-01
   2.20836e-02  6.59255e-02 -1.42961e-01  2.31828e-02 -1.85907e-01
  -4.19755e-02  2.42606e-01  3.86982e-02 -3.53075e-03  9.27304e-02]
 [-2.86224e-01  4.49411e-02  4.01243e-01  1.52580e-02  1.45287e-01
   1.27022e-01 -1.01406e-01  2.32463e-01  6.78411e-02  8.22639e-02
  -4.14262e-02 -2.31029e-03 -6.19008e-02  2.79766e-01 -9.36630e-02
   1.53759e-01  7.66820e-02  2.15811e-02 -2.50902e-01 -1.24402e-01
   6.70726e-02  7.41714e-02 -1.54691e-01 -4.34345e-02  2.21111e-01]
 [-4.97328e-01 -3.55893e-02  4.71550e-01  1.99752e-01  1.83780e-01
   2.22605e-01 -2.06032e-02  3.64438e-01 -4.26944e-01 -3.00005e-02
  -1.67577e-01  8.40401e-03 -9.08687e-02  2.04064e-01  5.63708e-02
   3.45600e-02  6.78894e-04  3.15154e-01  6.28577e-02 -1.91221e-01
  -1.44893e-01  1.49963e-01  7.37817e-03  3.36410e-03  5.06227e-01]
 [-6.65670e-01  1.57805e-01 -4.89831e-02  1.09892e-01  1.32376e-01
  -2.32038e-02  1.28619e-01  3.03102e-02 -4.59957e-01  1.94016e-01
   5.57361e-02  1.06464e-01  1.80899e-02  7.85645e-02  2.17376e-01
   4.76679e-02 -1.84840e-01  2.74392e-01  6.23218e-02  7.91155e-02
   1.06289e-01 -5.54708e-03  1.57856e-01 -2.27193e-02  5.70892e-01]
 [-1.09742e+00  6.85324e-02  7.90190e-01  2.57809e-01  4.60264e-01
   7.35908e-01  9.60848e-04  4.32393e-01 -5.71498e-01  4.38875e-02
   3.61024e-02  1.79716e-01 -7.93184e-02  2.31011e-01  1.44312e-02
   9.88390e-03 -5.65209e-02  2.36257e-01  1.38571e-01  6.33100e-01
  -2.80171e-03 -1.98584e-01 -1.86097e-01 -3.49482e-02  1.47666e+00]
 [ 3.66876e-01 -7.13018e-02 -4.12034e-01 -5.70388e-02  1.31974e-01
  -4.69104e-01  2.42098e-01 -2.21657e-01  3.66456e-01  5.73759e-02
   6.09490e-02  2.23252e-02  1.90701e-01 -9.46398e-02 -7.72825e-02
   1.95439e-01 -1.79127e-01 -2.66993e-01 -2.19797e-02 -1.65065e-01
   1.71398e-02 -6.58104e-02 -4.06692e-02 -1.15520e-01 -1.21613e-02]
 [-7.06115e-01  2.01649e-01  4.66811e-01  1.06127e-01  4.46270e-02
   3.06346e-01 -1.06343e-01  2.79122e-01 -4.46048e-01  2.23119e-02
  -1.74873e-01 -4.80878e-02 -6.61169e-02  1.35488e-01  1.89878e-01
   1.61986e-01 -5.36961e-02 -1.16721e-02  8.12988e-02  3.62010e-03
   9.24113e-02 -6.28230e-02 -1.21528e-01 -8.81170e-02  6.08487e-01]
 [-1.69652e-01 -8.99869e-02  5.85706e-01  2.05543e-01  2.48877e-01
   4.13551e-01 -3.16072e-01  1.79912e-01  1.14770e-01  1.09537e-01
   2.05903e-01  8.68354e-03 -8.42975e-02  8.25010e-02  5.44633e-02
   1.63435e-02 -3.80350e-02  2.40730e-01  8.85472e-02  6.43762e-02
   3.08218e-02  1.61383e-01  1.00277e-01 -5.21522e-03  4.15406e-01]
 [-1.94981e-01 -2.06117e-02 -4.95824e-02  6.28030e-02 -3.83777e-01
   3.03775e-01 -7.03418e-02  1.52046e-03  3.37808e-01  1.45996e-01
  -1.46048e-01  2.15552e-01 -1.01631e-03 -1.08466e-01 -8.43478e-02
  -5.52741e-02 -1.02393e-02  1.33468e-02  9.23762e-03  4.00861e-02
  -1.26465e-01  1.19703e-01 -3.70085e-02 -1.84765e-02  3.79524e-02]
 [ 8.00431e-01 -2.39345e-01 -4.34833e-01 -1.63333e-01 -2.68138e-01
  -2.02864e-01  3.93754e-02 -9.82831e-02  5.92081e-01  7.87747e-02
  -1.66544e-01 -4.86129e-02  9.36024e-02 -1.90400e-01 -1.17698e-01
  -1.77068e-03 -1.88430e-01  9.99259e-04  8.40773e-02 -1.65676e-01
   1.57764e-01  8.67053e-03  2.72789e-02 -1.01082e-01 -5.14147e-01]
 [-2.14470e-01  3.04173e-02 -4.21473e-02  5.26184e-02 -3.09285e-01
   4.80913e-01 -1.12476e-01  1.14290e-01  1.76358e-01  7.33265e-03
  -5.36839e-02 -1.60525e-01 -7.21348e-02  1.71106e-01  4.14702e-02
  -2.99713e-02 -2.12419e-01  2.69143e-01 -1.02612e-02  1.79492e-01
  -9.80336e-03  7.28823e-02 -1.69561e-01 -1.24437e-02  5.23420e-01]
 [-4.65426e-02 -1.38170e-01  3.29167e-01 -2.40326e-01 -2.72788e-02
   1.65141e-01  6.35857e-02 -3.61000e-01  3.58476e-01  2.83149e-02
  -2.84782e-02 -1.78600e-01  1.71715e-01 -2.53929e-01  2.40786e-01
   6.91500e-02  9.48363e-02 -1.83174e-01 -1.79250e-02 -6.84597e-02
   1.36376e-03  8.94358e-02  6.57400e-02  1.30833e-01  2.69068e-01]
 [-7.85090e-01 -1.16497e-01  2.34854e-01 -6.81609e-01 -2.42650e-01
  -8.17338e-02  4.74890e-02 -2.74564e-01 -4.44499e-02 -3.03381e-02
   6.18800e-02 -1.60455e-01  6.06683e-02 -1.96852e-01 -1.19539e-02
  -3.33860e-02 -1.69120e-01 -2.79437e-01  5.05377e-02 -2.95303e-01
  -8.10993e-03 -7.83969e-02  3.52958e-02  6.25574e-03 -2.57452e+00]
 [ 1.24076e+00 -2.06949e-01 -1.16468e+00 -2.68461e-01 -2.68887e-01
  -6.47990e-01  9.53934e-03 -2.57116e-01  1.33252e+00  9.77202e-02
   1.59318e-01 -1.66031e-01  1.09480e-01 -1.00263e-01 -2.02372e-01
   1.89865e-01 -2.64691e-02 -6.15029e-02  9.16055e-02 -1.66497e-01
  -9.46246e-02 -1.16197e-03 -2.10754e-02 -1.01468e-01 -6.78719e-01]
 [ 7.03613e-01  3.96443e-02  9.63586e-03  3.64386e-01 -4.19475e-02
  -8.09636e-01 -1.87282e-01  7.22593e-02  6.27267e-01 -1.00153e-02
   1.97496e-01  3.26270e-02 -1.34996e-01  2.40280e-01  1.32688e-01
  -1.26204e-01  1.51327e-01 -1.16388e-02  1.87653e-01  1.91253e-01
  -1.06414e-01 -2.04501e-02 -1.16790e-01 -8.58733e-02 -2.17214e-01]
 [-1.93284e-02 -8.86248e-02  1.64067e-01 -8.03212e-03 -1.40196e-01
  -4.92763e-01  2.26819e-01 -8.05840e-01 -2.62996e-01  1.62844e-02
   8.37072e-02 -3.03335e-01 -2.08363e-01  3.08806e-02  3.18531e-02
  -3.97409e-02 -2.48583e-02 -1.81645e-01 -4.81991e-02 -4.06744e-01
  -2.37895e-01  1.88125e-01  1.33375e-03  7.56732e-02  1.73924e-01]
 [ 8.91666e-01 -1.82301e-01 -1.15856e+00 -4.01115e-01 -1.38603e-01
  -2.69604e-01 -3.39003e-02  4.13695e-02  1.00020e+00  2.16122e-02
   1.17115e-01 -4.86009e-02  1.10200e-01 -1.72287e-01 -1.36643e-01
  -1.69670e-01 -1.70743e-01 -3.27042e-01  1.61223e-01 -3.80744e-02
   1.39487e-01 -8.02994e-02  1.80785e-01 -1.99006e-02 -6.74690e-01]
 [ 5.97511e-01  5.43939e-02 -5.80543e-01 -7.80369e-02 -1.44159e-01
  -6.57253e-01 -8.60560e-02 -1.67438e-01  5.38586e-01  8.14651e-02
  -9.03078e-02 -5.80547e-02  8.37080e-02  3.40470e-02 -9.27243e-02
   1.37581e-01  1.19783e-01  1.75326e-02 -1.02735e-01 -1.36472e-01
  -2.73803e-01  7.39167e-02  1.79523e-02 -1.62103e-01 -4.39844e-01]
 [ 1.62724e-01  1.15590e-01  2.07738e-01 -9.81398e-02 -9.54885e-02
  -1.82842e-02  1.77763e-01 -4.73786e-02 -3.56043e-02 -1.37735e-01
  -1.24361e-01 -7.25139e-02  1.61041e-01 -2.62524e-02 -1.30377e-01
   1.41990e-01  6.08449e-02  2.36272e-01  3.78496e-02 -2.12712e-01
  -1.59279e-01 -7.94038e-02  1.60262e-02  1.28295e-01 -4.73043e-01]
 [-4.28561e-01 -3.16312e-02  5.54541e-01 -2.66341e-03 -1.45171e-01
   4.44731e-01  6.25431e-02  8.77730e-02 -1.07571e-01 -8.99522e-02
  -2.85610e-02  4.28240e-02  5.10192e-02 -8.95987e-02  1.12299e-01
   1.55092e-01  1.36282e-01  3.47277e-02 -9.77640e-03  1.73401e-02
   3.98937e-03 -1.47216e-02  1.58988e-01  2.41358e-01  4.23337e-01]
 [ 2.62688e-02  1.51105e-01 -5.77717e-02 -6.91024e-02 -1.13233e-01
   9.65050e-02  9.79846e-02 -6.45371e-04 -2.03538e-01 -6.92388e-02
  -6.40582e-02  1.06827e-01  5.01388e-03 -2.25100e-01 -1.46517e-01
   1.22983e-01 -7.45454e-02 -1.13889e-01 -1.60442e-01 -2.29166e-01
  -1.38921e-01  6.21648e-02 -1.06404e-03 -1.06863e-01  1.05046e-02]
 [ 1.08024e-01  1.33580e-02 -1.65515e-01  4.37085e-01  1.19206e-01
  -1.56728e-01 -1.23537e-01  1.67864e-01 -9.00083e-02  3.63362e-01
   4.14983e-02  9.35996e-02 -5.86987e-02  2.39781e-02  2.83941e-02
  -1.18474e-01 -1.24624e-01  2.01223e-01  2.22119e-03  1.88585e-01
  -9.87794e-02  9.56138e-03 -1.42393e-01  3.13686e-04 -3.17717e-02]
 [ 1.37558e+00  7.70871e-02 -7.92234e-01 -6.13998e-02 -2.74737e-01
  -5.71324e-01  3.18158e-02 -3.30645e-01  1.28734e+00  9.45242e-02
  -9.88519e-02 -1.65655e-02  2.50090e-01 -2.88900e-01 -2.30952e-01
  -1.14228e-01  7.39597e-02 -3.52101e-01  1.27719e-01 -1.28361e-01
   1.22929e-01  2.67955e-01  6.00897e-02  2.00677e-01 -7.47728e-01]]

W2: 
[[ 5.32955e+00]
 [-2.04492e-01]
 [-2.88665e+00]
 [-1.18030e+00]
 [-1.07668e+00]
 [-2.52216e+00]
 [ 5.02116e-01]
 [-1.39168e+00]
 [ 3.01948e+00]
 [-4.12122e-03]
 [-7.89770e-02]
 [-4.56961e-01]
 [ 5.57557e-01]
 [-8.23798e-01]
 [-4.57920e-01]
 [ 2.17520e-01]
 [-6.49553e-02]
 [-9.24173e-01]
 [ 1.43568e-01]
 [-1.14674e+00]
 [-2.40468e-01]
 [ 2.12860e-01]
 [ 4.60590e-01]
 [ 1.72012e-01]
 [-3.62529e+00]]

# --- EXPERIMENT COST, ACC. & ERROR HISTORY --- #

cost: 
[0.64532 0.62634 0.61024 ... 0.26104 0.26104 0.26104]

accuracy: 
[0. 0. 0. ... 0. 0. 0.]

error: 
[126.5 126.5 126.5 ... 126.5 126.5 126.5]