# --- APTitude Experimental Analytics Report (v5-lower-sequence-threshold) --- #

# --- EXPERIMENT HYPERPARAMETERS --- #
epochs: 50000
alpha: 0.0001
lamb: 0.001
train_size: 0.9
threshold: 5000
l1: 25
b: 0.8

# --- LEARNED MODEL PARAMETERS --- #

W1: 
[[ 8.53788e-02 -3.76150e-02 -5.55499e-01 -1.73052e-01  1.77008e-01
  -2.18568e-01  2.04158e-01 -5.27734e-01 -7.26066e-03  2.25252e-02
  -4.04361e-02 -3.61096e-02 -1.71499e-01  2.88785e-02 -5.57330e-02
  -8.94099e-02  4.08633e-01  2.29837e-01 -2.24570e-01  2.53145e-02
  -3.76422e-02 -3.91129e-01  3.81935e-01 -1.52172e-01 -1.20198e-02]
 [ 1.75567e-01  1.27037e-01  8.93351e-01 -7.19693e-02 -1.21168e-01
  -6.55528e-01  1.81149e-01 -7.90651e-02  5.53472e-01  1.10115e-01
  -1.58918e-02 -1.61176e-01 -3.86881e-02  2.99098e-02  4.35565e-02
   2.64126e-02  9.96614e-01 -2.40690e-01  7.13882e-02 -4.54684e-02
   3.86613e-01  5.42328e-01 -7.69916e-01 -3.04035e-01 -1.87156e-01]
 [-5.49636e-01 -6.56814e-02 -6.41445e-01  9.49975e-02 -7.27911e-02
   9.29206e-02 -5.80081e-01  5.56475e-01 -4.38476e-01  1.66696e-02
   3.88801e-02  1.57755e-01 -1.30244e-01 -8.98411e-02 -7.32345e-02
   1.78170e-01 -4.65926e-01 -3.36904e-01 -6.69720e-02 -7.10158e-03
  -1.16798e+00 -5.36513e-01  1.52800e-01  2.52572e-01  7.87602e-02]
 [ 1.37273e-01  3.54170e-01 -3.81684e-01  1.84096e-01  1.14132e-01
  -3.46978e-01  2.33113e-01  2.26383e-01 -9.29076e-01 -4.48743e-02
  -1.75524e-01  1.41258e-01  8.00451e-03 -1.21892e-01 -4.01511e-01
  -1.04040e-01  1.74037e-01  3.34174e-01  3.26755e-01  2.72229e-02
   5.00726e-01  3.87783e-01 -1.79985e-01 -4.85954e-01  2.40025e-01]
 [ 3.69584e-01  1.73135e-01 -1.58264e-01  1.35042e-01  2.23289e-01
   2.23712e-01 -2.43313e-02 -4.64037e-01  5.56110e-02 -1.77715e-03
   7.91793e-02 -5.88433e-02 -7.13073e-02  7.91408e-02  6.13145e-03
   1.73076e-02  1.67810e-01  1.83728e-01  1.86045e-01  7.32408e-02
  -2.29310e-01  3.63161e-01  1.12576e-01  1.05035e-01  4.09972e-02]
 [ 2.73118e-01 -5.17942e-02  3.65388e-01  2.07324e-01 -6.00030e-02
   1.30637e-01  1.76773e-01 -7.96135e-02 -2.69044e-01 -7.31551e-02
  -2.01764e-01 -3.03213e-02  1.15774e-03 -3.92345e-03  5.60561e-02
  -2.08577e-01 -4.81230e-01 -5.41403e-02  1.09408e-01  2.12923e-01
   5.00571e-01 -3.49520e-02  3.05062e-01  1.25150e-01 -9.22473e-02]
 [ 1.91438e-02  2.62578e-01 -2.79943e-01  1.91181e-01  8.57791e-02
   3.40080e-01  5.62341e-02 -2.31376e-01 -3.07804e-01  1.39383e-01
  -6.72224e-02  1.12447e-02 -2.22745e-01  1.93839e-01  1.53196e-01
  -8.76674e-02 -1.12104e-01 -6.49217e-01 -7.56885e-02  2.44062e-01
   8.77379e-02  1.55069e-01 -1.60821e-01 -2.84789e-01  1.08434e-02]
 [-3.72276e-01  1.70499e-02  7.88006e-02 -4.36447e-02 -9.50815e-03
  -1.35556e-01 -2.18419e-01 -3.15302e-01  1.06545e-01 -1.01974e-02
  -1.60479e-03 -9.69061e-02  1.01745e-01 -3.55179e-02  1.25730e-02
  -1.37045e-01  3.06532e-01  1.59873e-01  2.18870e-01  3.71992e-02
  -5.00288e-01  4.66501e-01 -4.32358e-01 -1.62455e-01 -2.16108e-01]
 [ 1.93494e-01 -1.07162e-01  6.73421e-01 -1.60938e-01 -4.90102e-02
  -1.36069e-01  2.20073e-01  2.01926e-01  5.36966e-01 -3.61281e-03
   3.68787e-02 -4.17683e-01 -2.38242e-02  2.34410e-01  3.46821e-01
  -9.78679e-03  2.40348e-01 -7.74906e-01 -3.79016e-01 -8.47822e-02
   1.09877e-01  3.82485e-03 -3.49318e-01 -7.70348e-02 -2.60926e-01]
 [-1.10260e-02 -6.80912e-01 -1.64922e+00 -2.88124e-01  2.22728e-03
   1.87698e+00  1.42539e+00 -2.65006e-01  2.04855e+00  9.92371e-02
   3.17362e-02  5.09320e-01 -6.01040e-02  9.48233e-04 -2.83390e-02
   1.22882e-03 -2.05329e-01  3.35324e-01 -2.34870e-01 -3.76304e-01
   2.17856e+00 -9.01608e-02  1.98438e-01  2.21040e+00 -3.33032e-01]
 [ 3.40918e-01  1.80828e-01  9.35971e-01  6.91074e-02 -1.44257e-01
  -1.30894e-01  2.98491e-01 -3.13117e-01 -1.04646e-01  2.33976e-02
   3.12633e-02 -1.94973e-02 -1.09302e-01 -1.02052e-01 -1.94205e-01
   2.69123e-03  2.83859e-01 -9.63005e-01 -2.49068e-01  5.38584e-02
   8.61373e-01  3.08534e-01 -3.28368e-01 -6.44299e-01 -3.47831e-01]
 [ 1.65641e-01 -1.74469e-01  4.48464e-01 -2.08218e-01 -1.39252e-01
  -2.89324e-01  1.37633e-01  9.07966e-02  1.03505e-01  1.14243e-01
   7.65761e-02 -4.99891e-02  9.94957e-02 -7.96188e-02 -8.84711e-02
  -6.66789e-02  3.28372e-01  1.13192e-01 -1.41987e-01 -1.37010e-01
   4.28883e-01  6.12885e-02  9.62484e-03 -1.94721e-01 -2.74064e-02]
 [ 2.56407e-01 -1.28472e-01  4.02666e-01  2.68718e-02  1.06090e-01
  -2.41612e-01 -3.57588e-02  2.09603e-01 -1.12321e-01  3.65254e-02
  -1.98278e-01  1.92061e-01 -5.09057e-02 -7.07071e-02 -3.16434e-01
  -2.05233e-03  5.88291e-04  1.21148e-01  3.21480e-01  8.30349e-02
   3.32319e-01  3.06182e-01 -7.83639e-02  2.02769e-02 -1.01030e-02]
 [ 8.69579e-02  2.24248e-02 -9.15799e-02  9.31936e-02 -7.58714e-02
  -5.31052e-01  4.01870e-02 -2.64227e-01  4.30556e-03  4.31719e-02
   9.43267e-02 -2.03948e-02  5.21246e-02 -1.59360e-01 -1.30226e-01
   7.70355e-02  4.76042e-01 -7.03384e-02  7.94754e-02  8.50474e-02
   2.62077e-02  3.81270e-01 -2.99843e-01 -6.43818e-01 -4.04109e-02]
 [ 3.55163e-01  5.40930e-02  6.85603e-01  9.31929e-02  2.10655e-01
   6.60012e-02  7.28286e-01 -2.99033e-01 -4.86589e-01  5.99976e-02
  -2.19738e-02  9.62729e-02  2.18834e-01  1.68708e-02  6.06270e-02
  -2.41127e-01 -1.27885e-01 -3.91156e-01 -7.59362e-02  1.94825e-01
   7.84540e-01 -4.62086e-01  5.74712e-02  1.56226e-02  4.68293e-02]
 [ 4.84057e-01 -6.56769e-02  1.72586e-01 -1.95164e-01  1.54917e-01
  -1.60923e-02  3.42817e-01 -2.20550e-01  2.86811e-01 -1.87119e-01
   1.55480e-01 -2.88549e-01 -5.06615e-02 -4.06142e-02  1.33141e-01
  -1.44595e-02 -5.84956e-02 -1.50816e-01  3.98294e-02 -5.06288e-02
   5.36891e-01 -2.89551e-01 -1.48006e-01  2.07469e-01 -1.68752e-01]
 [ 3.56237e-01 -1.69964e-01 -1.70590e-01  2.57400e-02  2.34501e-01
  -7.53370e-02  8.86854e-02  1.21920e-01  4.34321e-02  8.28712e-02
   1.84758e-02 -3.70917e-03  4.21772e-02 -1.82411e-01 -3.18518e-02
   2.24979e-01  5.30865e-01  2.37270e-01  1.98950e-01  3.17649e-01
   8.34216e-02 -8.76608e-03 -2.59431e-01  2.66724e-01  1.14549e-01]
 [ 4.91953e-02 -3.06074e-02 -2.07991e-01 -1.28848e-01  6.54727e-02
  -2.26468e-01  6.84482e-02  2.86755e-01  1.25031e-01 -7.57986e-02
   1.87712e-01 -1.90933e-01  4.11687e-02  2.23718e-02  2.87053e-01
  -1.45600e-01  2.59043e-01 -1.94550e-01 -2.03838e-01  6.91584e-02
   1.42451e-01  4.56621e-01 -2.16621e-01 -1.96203e-01 -3.28152e-01]
 [ 2.12856e-01  1.31812e-01  3.24396e-01 -5.38312e-02  2.63665e-03
  -2.90933e-01  3.52001e-01 -3.85967e-02  7.60814e-01  1.15030e-01
   4.26004e-02 -2.51940e-01 -2.65915e-02  1.19002e-01  1.82659e-01
  -4.19323e-02  4.38972e-01 -5.54780e-01 -9.59095e-02 -2.40137e-01
   3.03210e-01  5.00520e-01 -3.98429e-01 -3.73475e-01 -5.45065e-02]
 [ 1.53935e-01  2.28873e-01  1.30774e-02 -1.17028e-01 -1.57735e-01
  -1.29742e-01  1.92475e-01  6.01041e-02 -4.04473e-01  1.14947e-01
   8.72211e-02  1.52817e-02 -3.12594e-02  1.09400e-01  9.00601e-02
  -2.35151e-03 -3.50458e-02 -4.64392e-01 -3.41234e-02  6.23556e-02
   4.83784e-02  2.99554e-01 -1.21060e-01 -3.99612e-01  6.46183e-03]
 [ 2.30363e-01 -2.90411e-02  4.35803e-01  1.03866e-01 -1.71897e-02
  -1.50344e-01  1.18726e-01 -3.64495e-02  7.83647e-02  9.79641e-02
   1.90663e-01 -6.13290e-02  1.80977e-02  7.53810e-02  1.09589e-01
  -1.23549e-01  1.33365e-01 -3.54974e-01 -2.79160e-02 -2.39494e-03
   7.36682e-01  3.85085e-01 -3.03989e-01 -1.18259e-01 -1.60592e-01]
 [ 9.15225e-01  1.25660e-01  9.21502e-01 -1.15409e-03  1.42669e-01
  -1.31239e-01  6.35787e-01 -2.44238e-01  3.00099e-01 -5.05781e-02
   3.55834e-02  3.50763e-01  6.58213e-02  1.24104e-01 -5.80976e-02
   2.09078e-02  5.58311e-01  6.06084e-01 -1.28496e-01 -1.10696e-02
   9.14644e-01 -7.71563e-02 -8.21707e-03  5.18442e-03 -4.22597e-02]
 [-1.97060e-01 -3.52470e-02  1.40473e-01  5.77440e-03  1.40915e-01
  -1.26085e-01 -4.60778e-01  3.01769e-01 -6.31078e-01  1.23084e-01
  -8.82675e-02  2.36599e-01 -8.99993e-02  1.78639e-02 -2.65101e-01
  -1.25163e-01 -3.36991e-02  3.15481e-01  4.44727e-02 -1.21210e-01
  -3.82530e-01 -4.97728e-01  3.35506e-02  1.32844e-01  4.49154e-01]
 [ 1.05056e-01  2.23489e-01  1.88606e-01 -2.15014e-02 -1.15981e-01
  -4.22014e-01  6.55073e-01 -1.90680e-01  1.90451e-01  8.78721e-02
  -8.71557e-02 -2.19699e-01 -3.28015e-02  1.44935e-01  2.45993e-02
  -1.50339e-02  6.00576e-01 -4.95047e-01 -8.09751e-02 -8.90756e-02
   2.95213e-01  5.70579e-01 -4.10895e-01 -3.94150e-01 -2.35983e-01]
 [ 3.70554e-01  4.32174e-02  5.07899e-01  8.72509e-02  8.43478e-02
  -4.30987e-02  4.44072e-01 -9.41508e-02  3.43887e-02  1.80927e-01
   1.64157e-01 -2.33589e-01 -9.39707e-02 -1.77377e-02  2.24523e-01
  -4.34658e-02  3.27992e-01  1.14714e-01  7.36373e-02  1.56734e-01
   5.12591e-01  4.69122e-02  1.19520e-01  4.68845e-02 -1.22676e-01]
 [ 2.27756e-01 -3.28302e-02  2.41354e-01 -6.04929e-03  1.06973e-01
   2.07245e-01  3.45661e-01 -3.14434e-02 -7.22793e-01 -5.26932e-02
  -3.17068e-02  6.99587e-02 -9.47381e-02 -2.09967e-02  2.92370e-02
   1.42326e-01 -5.81301e-01 -2.16230e-02  3.98982e-02  6.37469e-02
   3.10085e-01 -2.98209e-01  2.51518e-01 -9.23647e-02  9.73741e-02]
 [-6.75989e-02 -2.86193e-01 -9.65155e-01  8.67105e-02 -3.67160e-03
   2.83161e-01 -2.34936e-01  2.37391e-01 -5.33905e-01  1.57669e-03
  -8.33671e-02  2.52274e-01  9.02965e-02  1.46457e-02 -3.34551e-01
   2.02181e-02 -3.16909e-01  4.42764e-01  6.75100e-02 -2.31104e-02
  -5.86353e-01 -2.70194e-01  3.40726e-01  1.61935e-01  4.72053e-01]
 [ 4.94327e-01 -2.76262e-01  1.63004e-01  1.36383e-03 -4.11239e-02
  -1.36070e-01  3.40592e-01 -2.14805e-01  3.62065e-01  4.78450e-02
  -2.23325e-02 -1.59735e-01  1.37063e-03  9.16200e-02 -4.22299e-04
   7.68671e-02  2.08051e-01  1.42734e-01 -5.38660e-02 -3.06887e-01
   6.85869e-01 -2.57914e-01 -3.55862e-03  7.99104e-02  5.33582e-02]
 [ 3.34845e-02 -1.52248e-01 -1.65946e-02  7.43987e-02  8.42682e-02
   1.77788e-01  1.85040e-01 -1.97919e-02 -5.03881e-02 -4.80843e-02
  -8.24583e-03  1.55701e-01  1.08937e-01 -1.83895e-01 -2.02763e-01
   9.96058e-03 -4.01049e-01  6.68835e-01  2.72735e-01  1.50807e-03
   1.79867e-01 -8.76753e-02  1.54056e-01  1.93434e-01  4.64260e-01]
 [-3.16845e-01 -7.25676e-03  5.26575e-01  1.61174e-02  2.90245e-03
  -5.00387e-01  6.35078e-02  4.47557e-01 -4.70984e-01 -1.45702e-01
  -3.78301e-01 -1.44227e-01 -1.50635e-02 -9.92490e-03 -4.46660e-02
  -4.12673e-02 -1.13043e-02  1.98722e+00  1.11463e-03  5.29058e-02
   3.18160e-01 -4.40849e-01  1.68805e+00 -7.57951e-01 -9.81460e-02]
 [-6.58537e-01 -4.33714e-01 -8.07777e-01  7.70632e-03 -2.13407e-01
   4.26283e-01 -8.34292e-01  2.35645e-01 -1.56600e-01  1.02957e-02
   1.73897e-01  1.02907e-01  4.75578e-02 -5.58022e-02  8.07368e-02
   2.04176e-01 -6.03413e-01  6.34758e-01  1.77245e-01  1.50279e-01
  -1.14844e+00 -1.04566e+00  1.97144e-01  7.46039e-01  4.61879e-01]
 [-4.13491e-01 -1.42208e-01 -2.86027e-02 -9.97138e-02 -2.31518e-01
   4.69641e-01 -6.95348e-01 -8.25598e-02  4.71673e-01 -3.04609e-02
   2.34011e-01 -3.71241e-02  1.35550e-02 -8.12682e-02  1.65839e-01
  -2.72292e-02 -2.86788e-01 -1.07845e-01 -1.77266e-01  2.35174e-02
  -7.29377e-01 -3.17305e-01  5.03967e-01  5.66089e-01  1.00154e-01]
 [ 1.08686e-01  6.05082e-03 -1.05016e-02  3.29637e-02 -9.29818e-02
  -2.56554e-02  2.09555e-01  2.44652e-01 -5.13830e-01  5.51297e-02
  -1.17069e-01  4.07976e-03 -7.19911e-02 -4.42206e-02 -2.01342e-01
   6.11299e-02 -1.71250e-01 -1.82276e-01  2.68271e-01  2.41809e-01
  -1.57673e-02  3.72129e-02 -2.80117e-01  3.14711e-01 -2.48309e-01]
 [-7.06190e-01 -1.90345e-01 -2.89150e-01 -6.01128e-03 -2.55057e-01
   4.07691e-01 -8.45744e-01  6.01956e-02  2.93908e-01  1.07420e-01
   1.05209e-01  2.17727e-01  1.17585e-01  1.15942e-01  7.80423e-02
   6.79580e-02 -1.24020e-01  2.55234e-01 -3.90786e-02 -3.96903e-02
  -1.09832e+00 -8.68195e-01  1.80909e-01  7.00389e-01  1.89007e-01]
 [-4.41717e-01  1.61145e-01 -9.40164e-01 -9.55640e-02 -6.25666e-02
   3.61503e-01 -7.39229e-01 -5.97936e-01  9.74585e-02  9.62184e-02
   1.95135e-01  7.94828e-02 -1.51049e-01  1.02268e-01  2.09701e-01
  -2.81517e-01 -4.33670e-01 -4.13723e-01 -9.75484e-02  9.16623e-02
  -1.01071e+00 -3.67324e-01 -1.42341e-02  1.44304e-01 -1.77983e-01]
 [ 4.48363e-02  1.82485e-01 -7.24134e-02  1.11467e-01 -8.55203e-02
   3.43441e-01  3.10572e-02  1.54782e-01 -7.41891e-01  4.46627e-02
  -1.41654e-01  1.87227e-01 -3.57714e-02  5.91116e-03 -2.42893e-01
   5.22336e-02 -5.57000e-01  1.83382e-01 -1.03432e-01  7.51334e-03
  -1.56940e-01 -2.02482e-01  1.05514e-01 -2.80737e-01  3.40448e-01]
 [ 4.09611e-01  2.23640e-01  3.08187e-01  1.74728e-01  7.50419e-02
  -1.02783e-01  6.10877e-01 -3.75579e-01 -4.07420e-01 -2.04235e-01
   1.23135e-01 -1.04696e-01  1.91919e-01 -1.25593e-01 -7.69661e-02
   5.15501e-03 -4.95605e-01 -4.76679e-01  5.99961e-02  2.09524e-02
   6.74972e-01  3.18829e-01  1.45427e-01 -1.26858e-02  1.47157e-02]
 [ 1.09624e-01 -3.27110e-01  1.08264e-01 -5.69866e-03  9.30527e-02
   2.32118e-01 -2.63348e-01 -5.03509e-01 -4.13800e-02 -1.64666e-02
  -1.45734e-01  7.23915e-02  1.59117e-01 -2.48467e-02 -1.03918e-02
   6.56163e-02 -6.10956e-01  2.42889e-01  5.30876e-03 -5.20511e-02
  -4.32374e-01 -1.46968e-01  3.25561e-01 -1.61625e-01  2.04830e-01]
 [ 1.57267e-01  8.61404e-02 -9.06110e-02 -7.92640e-02 -9.86951e-02
   2.29704e-01 -1.25233e-01 -5.08673e-02  2.73730e-01  1.86350e-01
  -2.03592e-01  2.66143e-02 -5.21769e-02 -7.51024e-02  4.77536e-02
  -1.78249e-01 -1.51024e-01  7.79264e-02  1.04744e-02  7.38268e-02
  -1.75136e-02  5.48847e-01  3.61047e-02  2.23658e-01 -2.60519e-03]
 [-7.06650e-01 -1.06277e-01 -5.03920e-01  2.25485e-01 -2.82367e-01
   1.00999e+00 -6.77337e-01  5.62276e-01  1.08316e-01 -3.81585e-02
   1.06570e-01  1.51400e-01 -1.38613e-01 -4.71713e-02  1.43365e-01
  -1.43079e-02 -1.16325e+00 -4.61460e-03  1.78827e-01 -1.91066e-01
  -1.19227e+00 -8.33947e-01  4.66465e-01  6.69134e-01  3.67136e-01]]

W2: 
[[-2.00468]
 [-0.9482 ]
 [-2.60181]
 [ 0.42277]
 [ 0.5214 ]
 [ 2.27666]
 [-2.532  ]
 [ 1.5971 ]
 [-2.83734]
 [ 0.04053]
 [-0.44161]
 [ 0.96142]
 [ 0.07911]
 [-0.36549]
 [-0.83134]
 [-0.02418]
 [-2.43244]
 [ 2.69894]
 [ 0.8736 ]
 [ 0.64634]
 [-3.92066]
 [-2.26128]
 [ 1.97136]
 [ 2.52969]
 [ 1.17261]]

# --- EXPERIMENT COST, ACC. & ERROR HISTORY --- #

cost: 
[0.78366 0.74878 0.71924 ... 0.25871 0.25871 0.25871]

accuracy: 
[0.      0.      0.      ... 7.23735 7.23735 7.23735]

error: 
[157.5 157.5 157.5 ... 113.5 113.5 113.5]