# --- APTitude Experimental Analytics Report (v2-high-learning-rate) --- #

# --- EXPERIMENT HYPERPARAMETERS --- #
epochs: 50000
alpha: 0.001
lamb: 0.001
train_size: 0.9
threshold: 7000
l1: 25
b: 0.8

# --- LEARNED MODEL PARAMETERS --- #

W1: 
[[ 4.93873e-01  6.00077e-01 -4.74935e-01 -1.91381e+00 -7.42723e-01
  -4.77834e-01 -2.12761e-01  8.63960e-03 -1.91276e-01 -1.82813e-01
  -1.52178e+00 -3.41922e-01  1.75489e-02  4.29771e-01  9.79140e-03
  -3.55497e-02  7.04052e-02  2.29634e-02  1.86500e+00  2.74946e-01
   9.38690e-01 -1.30792e+00  6.96278e-02 -1.30553e+00  7.04973e-01]
 [ 1.54624e+00 -3.23991e-01 -7.90678e-01  2.11447e-01 -3.40353e-01
  -5.16633e-01  3.55569e-01  7.39105e-03 -3.65330e-02  4.42506e-02
  -1.09843e+00 -6.38669e-02 -1.27024e-01  1.63597e-02 -1.41597e-01
  -8.61909e-02  6.58118e-02  3.59081e-01  9.56948e-01  4.78652e-01
   3.77354e-01 -8.72037e-01 -3.52266e-01  1.90789e+00 -3.18187e-01]
 [-1.94117e-01  3.13872e-01 -3.70867e-01 -4.95801e-01  5.72337e-01
  -4.75082e-02  1.66601e-02 -1.31811e-01 -2.78525e-01 -2.25257e-01
   3.20543e-01 -3.09381e-01 -2.84779e-02 -2.76096e+00 -1.05232e+00
  -1.85216e-01  5.82192e-02 -7.78916e-01 -1.68810e+00 -3.27603e+00
   5.89270e-01 -1.17172e+00  1.56811e-02 -4.39751e+00 -4.48163e-01]
 [ 9.52541e-01  2.75209e-01  1.26462e-01 -1.07655e+00 -8.96137e-01
  -1.44803e-01  3.45846e-01 -7.46472e-02 -5.33974e-02  5.65796e-02
  -1.56504e+00 -4.00624e-02 -1.17307e-02 -1.63525e+00  4.19843e-01
   1.17689e-01  4.45715e-02 -1.78924e-01  2.03311e+00  7.18497e-01
   1.90952e-01  4.03825e-01  1.05345e+00  1.53326e+00  1.57481e-01]
 [ 2.98627e+00 -3.61196e+00  1.70913e-01 -1.80433e-01  1.72100e-01
   2.62519e-01  6.89679e-01 -4.61164e-01  2.07901e-01 -4.26381e-02
  -3.51951e-01  1.53261e-01  1.09922e-01  6.09851e+00  2.35641e+00
   1.15466e-01  4.61468e-02 -1.86136e+00 -1.43535e+00  1.22293e-01
  -3.96166e+00  3.12029e+00  2.82453e-01 -2.38124e+00  1.58766e-01]
 [ 5.92099e-01  1.29341e-02 -2.47331e-01  2.06854e+00 -6.56843e-01
   4.00648e-01  1.79183e-01  8.96540e-02 -1.38309e-01  1.75791e-01
  -1.38032e+00 -1.73506e-01 -1.75204e-01  8.36008e-01 -4.98674e-01
   8.63103e-02  4.84431e-02  5.65987e-01 -4.01023e-01  6.58902e-01
   1.25702e-01 -4.50545e-01 -9.20538e-01 -7.79039e-01 -2.80348e-01]
 [ 1.28254e+00  1.14459e-01  1.52992e-01 -1.95162e-01 -5.72357e-01
  -9.78380e-02  6.36856e-02 -5.05886e-02  1.41445e-02  4.86329e-02
  -1.37330e+00 -3.72185e-02  1.81457e-01  7.88893e-01 -5.24549e-03
   1.61928e-01  8.11137e-02 -6.21183e-02  1.48962e+00  4.01863e-01
   6.07369e-01 -6.15113e-01  2.33403e-01 -1.23919e-02  3.81474e-01]
 [ 5.42728e-01 -2.62473e-01 -7.01313e-01 -4.31498e-01 -3.76009e-03
  -1.45260e-01  3.49057e-01  1.04807e-01  3.86772e-03  1.13864e-01
  -5.44287e-01 -7.11137e-02 -1.42427e-01  2.23485e-01 -3.08942e-01
   2.23107e-01 -2.31853e-02  4.58380e-01  1.80929e+00  1.53932e-01
  -1.62828e-01  3.21052e-01 -3.66211e-01  1.54637e+00 -1.97428e-01]
 [-8.92836e-01 -2.62545e-01 -3.86528e-01  4.82005e-01 -6.88302e-01
  -8.43768e-01  2.32722e-01  6.37050e-03 -1.82722e-01  2.27109e-02
  -1.24269e+00 -3.06953e-01 -1.10788e-01 -9.11500e-01 -2.30787e-01
   1.02147e-01  3.24321e-02  5.48507e-02  2.08457e+00  6.14706e-01
  -1.78706e-01 -6.49564e-01  1.67224e-01  1.78601e+00 -2.46774e-01]
 [ 6.13598e-01 -9.16760e-01  2.26995e-01  5.96839e+00 -5.16838e-01
   1.34659e-01 -1.83525e+00  2.07707e-01 -5.74729e-02  2.79022e-01
  -3.39180e-01  9.83945e-02 -9.67495e-02 -2.96411e+00 -1.41547e+00
  -3.66299e-02 -8.44078e-02 -7.31629e-01 -9.78837e+00  6.80892e+00
  -2.67580e+00  3.58814e-01  1.48178e-01 -7.73255e-01  1.75300e-01]
 [-1.13314e+00  9.67316e-03  4.92149e-02 -3.11432e-01 -9.56769e-01
  -6.46761e-01  1.56683e-01  9.97974e-02 -1.24484e-01 -6.04084e-02
  -1.23848e+00  2.37210e-01  1.51557e-02  1.37864e+00 -1.89780e-01
   1.43277e-01 -6.77204e-02  3.69911e-01  1.58343e+00  5.82629e-01
  -4.29085e-01 -7.33697e-01 -1.10525e+00  2.49201e+00 -4.84812e-01]
 [-6.70208e-01 -3.37030e-01 -2.87343e-01 -1.15826e+00 -6.42126e-01
   3.12172e-01  2.51624e-01 -7.56124e-02  5.34391e-02 -5.15008e-02
  -1.20236e+00  4.61043e-02  8.46616e-02  2.39220e+00  1.45062e-01
   3.87197e-02 -1.23017e-03  4.38848e-01  9.65064e-01  4.98484e-01
   1.99952e-01  4.48461e-01 -4.86187e-01  2.68135e+00  2.10524e-02]
 [ 5.11507e-01  9.00875e-02  7.36717e-02  3.52835e-01 -8.68421e-01
  -1.48920e-01  3.15572e-01  1.22748e-01  2.82576e-01 -3.20384e-02
  -1.24828e+00  6.54274e-02 -5.91624e-02  2.61664e-02  2.12286e-01
   5.16039e-02 -9.74592e-03  1.66273e-01  1.85096e-01  5.71085e-01
   7.79697e-01  2.26671e-02 -2.54747e-01 -8.95046e-03  1.31334e-04]
 [-6.91744e-01 -4.31174e-02 -3.57028e-03  3.25846e-01 -5.84096e-01
   4.97856e-02  2.66209e-01 -9.31299e-02 -1.69755e-01  7.96064e-03
  -1.24306e+00 -1.08077e-01  1.46179e-01 -1.37881e+00  1.04594e-01
  -1.33459e-01  4.37577e-02 -1.85504e-01  2.82329e+00  5.16166e-01
   4.17029e-01  2.49408e-01 -1.44299e+00  1.71344e+00  2.59576e-01]
 [-6.12371e-01  2.08663e-01  8.94812e-01  5.72799e-02 -1.20969e+00
   7.30354e-01 -6.25370e-02 -1.73249e-01  2.65799e-01  1.04504e-01
  -1.75092e+00 -4.38663e-02  5.93435e-02  9.35391e-02  3.97599e-02
  -1.77192e-02 -3.51760e-02  3.49893e-01  3.41711e-01  7.64131e-01
   9.47117e-02  7.65032e-01 -1.34489e-01 -8.54139e-01  4.70292e-02]
 [-6.52390e-01  5.99137e-01  5.53070e-01  2.14468e-01 -8.49414e-01
   2.61164e-01  1.31104e-01  3.32903e-03  2.41408e-01  1.68225e-01
  -1.16620e+00  1.49445e-01  1.36207e-01  7.31015e-01  1.88745e-01
  -3.12496e-02 -8.48838e-02 -9.80282e-02  1.29852e+00  4.36867e-01
   9.55641e-02  5.76577e-01 -6.67591e-01  1.99220e-01  1.37883e-01]
 [ 6.30318e-01  1.16991e-01 -2.29085e-02 -2.01946e-02 -6.38545e-01
   4.02859e-01 -1.04303e-01 -5.67306e-02 -5.94855e-02 -2.22522e-02
  -1.21216e+00  7.95390e-02 -1.31579e-01  7.19816e-01 -2.52924e-01
  -1.12889e-01  1.89286e-01  3.75752e-01  4.12544e-01  7.29509e-01
  -1.17696e-01  3.64465e-02  9.30661e-01  1.02986e+00  8.70142e-02]
 [ 5.15442e-01  7.75784e-02 -2.92546e-02 -2.03366e-01 -6.59148e-01
   2.75488e-02  1.67675e-01  8.44356e-02 -8.08304e-02 -7.41661e-02
  -1.19019e+00 -2.57967e-01 -1.17561e-03 -9.38812e-01 -7.84174e-03
   9.77025e-02  1.43316e-01 -1.06769e-01  9.14826e-01  4.10356e-01
   2.66954e-01  3.62065e-01  5.25267e-01  1.00232e+00  1.65850e-02]
 [-1.41358e+00  1.59020e-01 -1.11133e-02  2.55619e-01 -7.40853e-01
  -6.39050e-01  1.02754e-01 -9.54622e-02 -3.17084e-01 -9.88142e-03
  -1.58896e+00 -2.81787e-01 -2.95313e-01 -9.02713e-01 -5.09558e-01
  -9.03791e-02  1.81894e-01 -3.31631e-01  1.55760e+00  5.82061e-01
  -1.01277e-02 -4.80107e-01 -5.30895e-01  6.63311e-01 -1.11254e-02]
 [-1.65535e+00 -3.34816e-01 -9.69491e-02  3.76525e-01 -1.12332e+00
   7.73078e-02  5.12384e-01  1.28263e-01 -1.63975e-01  1.51753e-01
  -1.42228e+00 -2.39593e-01 -6.29098e-02 -4.62356e-01 -1.65685e-01
   3.92042e-02 -1.41063e-01  2.64120e-01  1.33298e+00  8.43928e-01
  -1.89385e-01 -4.63879e-01 -1.98177e+00  8.49614e-01 -3.84211e-01]
 [-1.02644e+00 -1.71753e-01  1.62110e-01  1.21585e-01 -8.68842e-01
  -5.33132e-01  4.62821e-01  1.00898e-01 -1.37423e-01  1.13255e-01
  -1.46533e+00 -1.05916e-01 -6.45705e-02  3.56272e-01 -1.04472e-01
  -1.39108e-01 -9.04632e-02  6.87533e-02  1.37769e+00  4.21630e-01
  -1.23378e-01 -9.53522e-01 -7.14614e-01  7.35716e-01 -1.18917e-01]
 [ 1.11349e+00 -6.51356e-01 -1.87719e-01  2.50347e+00 -3.29639e+00
   5.91149e-01  4.13925e-01  3.93342e-02  3.49456e-01  4.68131e-02
  -3.82826e+00  3.36591e-01  1.00101e-01  2.28182e+00 -1.68275e-01
   4.17351e-03 -1.18174e-01  1.66105e+00  1.30401e+00  4.93097e+00
  -1.77740e-01 -1.02334e-01  1.40650e+00  3.10072e+00  2.11169e-02]
 [-3.09419e-01 -3.19913e-02 -2.22063e-01 -7.86074e-01  7.03021e-01
  -3.95140e-01  6.55437e-02  3.14441e-01  1.06094e-01  8.86941e-02
   1.31507e+00 -1.34084e-01  5.10103e-02 -5.83384e-01 -6.92784e-02
  -1.17772e-01  2.97667e-02 -8.31372e-02 -8.14905e-01 -2.76091e-01
   6.52746e-01 -3.84388e-01  3.36972e-01 -5.85924e-01 -3.40806e-02]
 [-2.75288e-01 -1.90422e-01 -4.74646e-01  2.79605e-01 -9.37967e-01
   2.51343e-01  5.10176e-01 -1.46260e-01 -2.35736e-01  6.34412e-02
  -1.53805e+00 -3.14495e-01 -8.71908e-02 -1.46068e-01  9.27941e-02
   3.25321e-02  7.38716e-02  2.00875e-01  1.87864e+00  8.51668e-01
   2.09664e-02 -4.39831e-01  1.65737e-02  2.27097e+00  9.72738e-02]
 [-1.63555e-01  4.18999e-01  2.65250e-01  2.80267e-01 -9.94228e-01
  -5.52714e-02 -3.72860e-01 -9.85537e-02  1.31568e-01 -2.40406e-01
  -1.37810e+00  2.43900e-01  6.42143e-02  8.94219e-01 -7.39853e-02
  -1.51360e-01 -7.60382e-02  5.16244e-01 -3.49178e-01  7.40123e-01
  -2.89629e-01  5.51710e-01  3.76684e-01  7.29202e-01  2.35971e-01]
 [ 7.02423e-01  4.75087e-01  1.20165e+00 -9.78656e-01 -6.27927e-01
   2.50386e-01 -4.84595e-01 -1.88410e-01  3.81723e-01 -2.14851e-01
  -1.58679e+00  4.83192e-01 -8.97061e-02 -1.07804e+00  3.18147e-01
  -3.39939e-01 -1.46361e-01 -3.71680e-01  3.79644e-01  6.28872e-01
  -2.26776e-01  7.48459e-01  3.79190e-01 -7.40865e-01  5.39472e-01]
 [ 4.19283e-01  4.21388e-01 -4.56126e-02 -9.86043e-01  1.77232e+00
   7.84292e-01 -2.92184e-01 -2.28574e-01 -3.44382e-01 -1.79148e-01
   2.56669e+00 -2.94961e-01  1.30293e-01 -1.39588e+00 -1.78227e-01
  -2.75367e-01  3.68585e-01 -6.40608e-01 -2.96527e+00  9.58703e-02
   1.04924e-01 -6.71314e-01  2.91626e+00 -9.77513e-01  3.26409e-02]
 [ 6.34061e-01  5.03284e-01  2.25511e-01 -1.32483e-01 -1.29843e+00
  -6.29979e-02 -1.82331e-01 -1.88481e-01  1.58335e-01 -1.88401e-01
  -2.10609e+00  2.24949e-01  2.41425e-02  4.16887e-01 -9.05303e-02
  -2.76596e-01  2.08202e-01 -2.15902e-01 -6.93578e-01  5.41613e-01
   2.14624e-01  3.00642e-01  2.05943e+00 -2.98184e-02  1.86801e-01]
 [ 1.01484e+00  2.07616e-01 -2.50487e-02 -8.06620e-03 -2.73456e-01
   2.03435e-01 -7.29939e-02  2.46344e-01  2.02074e-01 -4.01056e-02
  -1.00389e+00  2.35311e-01 -1.48752e-01 -8.49387e-01 -3.28625e-02
  -8.64107e-02  1.50538e-01 -7.24775e-02 -8.39994e-01  3.01886e-01
   3.39429e-01  5.85182e-01  6.58712e-01 -9.33182e-01  1.64609e-01]
 [ 2.94814e-01 -1.49902e+00 -2.25333e-01 -2.27866e+00  5.02797e+00
  -2.20290e-02 -5.28668e-01  1.58001e-01 -3.62386e-01 -1.17350e-02
   8.37887e+00 -4.65829e-01  6.82645e-02  7.22325e+00  1.33588e+00
   6.80312e-02 -2.24230e-01  1.13928e+00  1.57987e+00 -1.12687e+00
  -2.87833e+00  3.26016e-01  8.22261e-01  1.32082e+00 -7.13585e-02]
 [-1.10245e+00  1.21923e+00  3.81076e-02 -4.18333e-01  2.31690e+00
  -6.39231e-02 -5.69677e-01 -4.89080e-01 -1.35756e-01 -2.99623e-01
   4.04892e+00 -1.97252e-01 -6.26385e-03 -2.17367e+00 -1.79247e-01
  -3.32931e-01  1.57184e-01 -1.09053e+00 -4.25390e+00 -3.74988e+00
   1.00919e+00 -5.34694e-01  2.87304e-01 -1.39986e+00 -6.82716e-02]
 [-3.79904e-01  1.30474e-01 -2.91765e-01  1.84532e+00  5.39061e-01
   4.89727e-01  3.90458e-03 -7.29371e-02  1.88315e-01 -2.45482e-01
   9.71572e-01  3.35303e-01 -6.52656e-02  7.81465e-01 -2.90668e-01
  -4.50983e-02  2.88851e-01 -4.92312e-01 -1.12786e+00 -2.48881e+00
  -1.78124e-02 -1.22561e+00 -9.01667e-02 -1.99202e+00 -1.89208e-01]
 [ 1.68798e+00 -1.38620e-01 -3.44623e-02 -2.35996e+00 -3.32060e+00
   1.06687e-01 -5.58148e+00 -1.65169e-01 -1.45923e-01  1.46948e-01
  -5.13752e-02 -6.57405e-02 -1.06791e-01  4.24120e-01 -4.82244e-03
  -2.11725e-01 -2.18944e-01 -1.01166e+00 -2.82789e-01 -2.78154e-01
  -1.22690e+00  4.45755e-01 -5.31443e-01 -1.42984e+00 -1.44251e-01]
 [-1.69109e+00  8.16819e-01 -6.65175e-01  2.01277e+00  1.96960e+00
  -5.15528e-01 -4.26308e-02 -2.81958e-01 -1.21309e-01 -7.45359e-02
   4.69259e+00 -2.02854e-01 -6.89256e-02 -2.71954e+00  8.90593e-02
  -3.26946e-01  1.03230e-01 -7.05128e-01 -3.57421e+00 -6.61635e-01
   6.60174e-01 -1.38556e+00  1.84662e+00 -2.26174e-01  1.81723e-02]
 [-3.25326e-01  3.37614e-01 -1.40935e-01 -2.01457e+00  9.64222e-01
  -8.51239e-01 -2.32644e-01  8.79129e-02 -2.36790e-01  1.27296e-01
   1.33203e+00 -9.54747e-02 -1.02177e-01 -9.02613e-01 -1.08303e-01
  -5.90273e-03 -1.55884e-01  2.51021e-01  7.37867e-02 -3.19976e+00
   5.44084e-02  8.82941e-02 -1.13454e+00 -3.32324e+00 -1.42257e-01]
 [-5.01093e-01  2.63165e-01  9.08125e-03 -4.53769e-01  2.22315e-01
   3.39335e-01  1.95842e-01 -1.15179e-01 -1.44994e-01 -1.28482e-01
   1.03392e-01 -2.13426e-02  2.27521e-02  6.99884e-01 -5.24841e-01
  -5.64225e-02 -1.38771e-01  8.22044e-01 -8.88383e-01  5.17568e-01
   7.48265e-02 -5.00676e-02  1.79517e+00 -2.91984e+00 -2.68512e-01]
 [-1.89561e+00 -8.53977e-01 -3.60115e-01 -4.14460e-01 -1.16935e+00
  -8.04703e-02  5.29393e-02  2.26707e-01 -3.70269e-01  4.13508e-02
  -2.19525e+00 -3.38191e-01  1.18417e-01 -1.31897e-02  2.57627e-01
  -7.42182e-02 -1.27117e-01  8.60160e-01  8.56647e-01  5.52200e-01
  -3.87263e-01 -1.00969e+00 -2.53683e+00 -1.14636e+00  2.33914e-02]
 [ 3.75286e-01  6.61875e-01 -1.30281e-01 -1.96135e+00 -3.14734e-01
   4.65398e-01 -1.05697e-02  1.20409e-01  1.54344e-01 -9.38224e-02
  -7.17379e-01  2.52108e-01  8.18207e-02  1.12268e+00  5.15919e-01
   2.02147e-02  6.05272e-02  2.30345e-01 -2.98725e-02  7.44805e-02
  -1.34992e-01  7.32534e-01  1.56173e+00  3.43823e-01  1.09228e-01]
 [-2.53891e+00  1.23262e-01  1.65237e+00  6.57615e-02  1.31784e+00
  -5.87507e-01 -3.72089e-01  1.04599e-01  4.74407e-01  1.50317e-01
   5.56455e-02  5.83437e-01 -1.37294e-01 -1.55616e-01  1.87210e+00
  -1.18124e-01 -2.62180e-02  9.99757e-01 -2.05329e-01  3.72839e-01
   1.11174e-01  3.04686e+00 -4.39406e+00  3.51476e-02 -1.57817e-01]
 [ 1.47581e-01  9.98559e-01  2.78384e-01 -5.08924e-01  2.18233e+00
  -1.24881e-01 -9.50368e-01  4.67265e-02 -1.90094e-01 -5.32179e-01
   3.97448e+00 -9.90022e-03  1.26260e-01 -2.24022e+00 -2.06420e-01
  -4.15813e-01  3.02427e-02 -8.99803e-01 -4.25735e+00 -2.57044e+00
   7.55974e-01 -2.33890e-02  7.75031e-01 -3.45385e+00  5.08434e-02]]

W2: 
[[ 5.87344]
 [ 1.39904]
 [ 2.31389]
 [-6.08037]
 [ 3.82211]
 [ 2.17891]
 [-4.09161]
 [-0.37155]
 [ 0.89172]
 [-0.35897]
 [ 8.76268]
 [ 0.98686]
 [ 0.15403]
 [-6.67543]
 [ 1.83098]
 [-0.28911]
 [-0.02409]
 [-2.06018]
 [-5.91142]
 [-6.59873]
 [ 3.06836]
 [ 4.40574]
 [ 4.62026]
 [-6.83451]
 [ 1.22545]]

# --- EXPERIMENT COST, ACC. & ERROR HISTORY --- #

cost: 
[0.88654 0.53065 0.5088  ... 0.11449 0.11334 0.11449]

accuracy: 
[ 0.       0.       0.      ... 15.64202 12.52918 15.64202]

error: 
[129.  129.  129.  ...  31.5  50.   31.5]