# --- APTitude Experimental Analytics Report (v13-highest-epochs) --- #

# --- EXPERIMENT HYPERPARAMETERS --- #
epochs: 200000
alpha: 0.0001
lamb: 0.001
train_size: 0.9
threshold: 7000
l1: 25
b: 0.8

# --- LEARNED MODEL PARAMETERS --- #

W1: 
[[-9.90318e-02  2.73152e-01  7.54784e-01  4.62609e-02 -1.18721e+00
   2.28775e-01  6.39151e-01 -4.30828e-01 -4.66376e-02  4.10743e-02
   5.12054e-01 -5.14283e-01  3.99398e-01 -3.68147e-01 -1.79933e-01
   2.60903e-01 -3.43370e-01  2.52211e-01 -7.31916e-02 -2.15729e-01
  -2.62168e-01 -1.06450e-01  7.09993e-01  1.33388e-01  7.16930e-01]
 [-2.19615e-01  9.33563e-02  9.99199e-01  5.77909e-02  3.68137e-01
  -1.44572e-01 -2.77331e-02 -2.28079e-01  4.87478e-02 -5.20712e-02
   1.18289e-01  4.41865e-01 -2.21551e-01  8.11172e-02 -6.11093e-02
   5.05693e-01  3.32214e-01 -2.05840e-01 -9.28097e-02 -9.82921e-02
  -5.46478e-01  8.19134e-01  5.86278e-01  1.76483e-01  3.85635e-01]
 [-5.12917e-02 -5.42660e-01 -1.05051e+00 -2.63103e-01 -1.02908e+00
  -4.56238e-01 -4.66624e-01  1.07571e+00 -1.26718e-01 -6.27575e-02
  -3.94381e-01  5.10721e-01  2.82251e-01 -4.42147e-01 -3.65165e-02
   1.05734e-01 -3.34861e-01  2.16335e-01 -8.71918e-02 -1.19175e-01
   1.35363e-01 -2.61484e-01 -1.06634e+00  5.59085e-02 -1.31563e+00]
 [ 6.87424e-02  4.19695e-01  3.19654e-01 -6.68279e-01 -3.58943e-01
   4.57907e-01  6.07743e-01 -2.94341e-01  2.81206e-01  3.77794e-02
   4.71303e-01 -1.03638e+00  6.80077e-01  4.05415e-01 -1.77239e-01
  -1.72781e-01 -3.52119e-01 -1.47709e-01 -1.05289e-01  3.24829e-02
   6.01867e-01 -1.06878e-01  1.29742e+00  1.62878e-01  7.07055e-01]
 [-4.25492e-02 -4.14621e+00  5.08017e-01 -3.23745e-01  2.70376e-01
  -3.24451e-01 -1.01828e+00  8.95206e-01  9.10318e-02  1.80558e+00
   3.55831e-01  2.58854e-01  2.61209e-01  5.35747e+00 -5.10130e-02
   1.69609e+00 -6.82939e-01 -5.54239e-01 -3.01266e-02 -2.43189e-01
  -7.89167e-02 -5.12995e-01  7.23236e-02  3.23460e-01 -8.26731e-01]
 [-2.42268e-02  6.50662e-01  1.27618e+00  9.95083e-02 -3.19085e-01
  -5.49109e-01  1.75112e-01 -1.19845e-01 -1.29668e-02  1.19603e-01
  -1.26358e-01  2.69426e-01 -5.69037e-01 -6.97458e-01  9.62409e-02
   1.00336e-01  1.47738e-01  1.93709e-01 -5.22485e-02 -2.03532e-02
  -9.47070e-01 -3.96140e-01 -6.58794e-01 -4.93583e-02  4.95502e-01]
 [ 4.41579e-02  9.52926e-02  2.83189e-01 -2.70525e-01  4.31270e-01
  -2.83870e-01 -7.54190e-02 -3.81010e-01  1.69670e-01 -1.04915e-01
  -5.61737e-02  8.33985e-01 -8.48324e-02 -4.61235e-01  1.61144e-01
   3.39190e-01 -4.02376e-01 -6.26678e-02  1.31388e-01 -4.65016e-02
  -1.33993e-01 -2.61241e-01 -2.84226e-01  1.59465e-01  7.06029e-01]
 [ 5.00002e-03  5.04576e-01  9.10542e-02 -4.35159e-02  8.44323e-01
   1.20133e-01  5.05461e-02  7.27054e-02 -3.42045e-02 -4.33766e-01
   2.55962e-01 -4.29688e-01 -2.26171e-01  2.81350e-01 -2.16836e-02
  -3.37311e-01  3.48930e-01 -6.43187e-02 -6.91031e-02 -1.05892e-01
  -4.20621e-01  5.72327e-01  3.35794e-01  1.21480e-01  2.78096e-01]
 [-1.24681e-01  9.33809e-01  5.23347e-01  2.80155e-01  6.38973e-01
  -7.40163e-01 -3.80877e-01 -2.34074e-01 -2.20986e-01 -2.13335e-01
  -2.64637e-01 -2.82162e-01 -8.80987e-01  4.28665e-01 -9.46279e-02
   5.06190e-01  8.61220e-02 -3.60875e-02  3.80654e-02  7.74836e-02
  -1.62659e-01  1.01776e+00  1.33385e+00 -1.51505e-01  3.29897e-01]
 [-1.10090e-01 -4.12849e+00  1.18538e-01  5.18010e-01 -1.98652e-01
   1.62874e+00 -9.83171e-01 -3.50946e+00 -8.03549e-02  2.25726e-01
  -9.99367e-01  5.61172e+00 -2.70953e+00 -1.89729e+00 -2.07993e-01
  -2.53476e-01  2.83610e-01 -4.92884e-02  5.19638e-02  2.13933e-02
  -5.69602e-01  2.04665e-01 -3.06799e+00 -2.61943e-01  3.67247e+00]
 [ 4.56668e-02  1.10333e+00  1.15406e+00 -8.46721e-02  3.35562e-01
  -5.60802e-01  6.52219e-02 -2.10620e-01 -1.37295e-02 -1.35590e-02
  -3.46575e-02 -1.16007e-01  2.06202e-01 -1.43712e-01 -4.39955e-02
   5.74994e-01  4.64846e-01 -8.41239e-02  6.88401e-02 -1.19517e-01
  -7.09356e-01  6.54059e-01  9.17360e-01  1.45574e-02  5.93461e-01]
 [ 2.21233e-02  7.01528e-01 -9.49017e-01  2.05768e-01  3.59067e-01
   8.41123e-02  4.20226e-01 -3.06689e-02  1.29184e-02  9.67717e-02
   3.82566e-01 -3.32863e-01  1.90156e-02  7.05693e-02 -1.07946e-01
  -8.53702e-02 -1.12905e-01  4.04119e-01  1.12398e-01  1.30995e-01
  -1.37959e-01  1.03010e-01  1.80225e+00 -1.82978e-01  6.29959e-01]
 [-1.00181e-01 -3.61625e-01  3.30891e-01  1.77517e-01  6.71258e-02
   2.57800e-01  1.01820e-01 -1.86710e-01 -1.49199e-01  7.94665e-02
   6.24660e-02 -1.83080e-02  5.87530e-01 -5.61296e-02 -1.20721e-02
   2.22641e-02 -6.19459e-02 -1.60456e-01  3.47252e-02 -1.43798e-01
  -8.96552e-02  4.67009e-01  9.44713e-03  6.94155e-03  5.60196e-01]
 [-9.47412e-02  7.05368e-01  2.03510e-01  6.66687e-02  9.12021e-01
  -1.71558e-01  4.27276e-01 -1.82485e-01 -8.04434e-02 -1.98989e-01
   1.94191e-01 -1.09700e+00  2.48691e-01  7.99170e-01 -1.72620e-01
   2.14701e-01  4.95051e-01 -6.03748e-02 -7.46424e-04  1.21866e-01
  -6.16697e-01  5.69431e-01  9.00884e-01  2.25531e-01  5.83863e-01]
 [-1.05685e-01  9.09315e-01 -5.99066e-01  5.75503e-02 -1.15328e-01
  -3.41312e-01  3.69449e-01 -8.27750e-01  1.73008e-02 -9.22405e-02
   9.73804e-02 -2.28668e-01  1.74129e-01 -9.96248e-01 -8.31389e-02
  -1.82104e-01  2.53694e-01 -3.79443e-02 -8.18412e-02  2.74919e-02
  -9.21967e-01  5.43154e-02 -5.15999e-01 -6.60985e-02  1.05651e+00]
 [-2.38280e-01  2.24282e-01  5.87497e-01 -2.50979e-01  3.64966e-01
  -5.13127e-01 -1.61731e-01 -4.13911e-01 -7.53310e-02 -1.21534e-01
  -1.40050e-01  8.08970e-03 -3.45043e-01 -4.10740e-01 -2.81568e-01
   5.26494e-01 -1.65595e-02  2.20590e-01 -2.10555e-01 -8.89144e-02
  -3.64698e-01 -1.20243e-01  2.86974e-01 -2.70321e-02  4.24842e-01]
 [-2.85535e-01  2.56428e-03  4.47412e-01 -1.20036e-01  5.48340e-01
  -4.24889e-01  2.78647e-01 -4.31688e-01  1.64699e-02 -5.72008e-02
   1.57716e-01  5.66695e-01 -6.93957e-02 -2.81083e-01 -1.90775e-01
   2.08675e-01 -1.00542e-01  9.11551e-02 -4.52889e-02  1.55181e-01
  -1.90750e-04  5.96499e-01  2.73957e-01  5.43086e-02  4.97743e-01]
 [-9.88154e-02 -2.12858e-01  5.37904e-02 -1.87995e-01  4.13577e-01
   6.37175e-02 -3.65134e-01  4.49532e-02  1.74084e-01 -2.45421e-01
  -8.35683e-02 -1.01468e-01 -4.10972e-01  1.07411e-01 -8.43666e-03
  -3.82282e-02  1.25809e-01 -1.73958e-01 -1.06527e-01 -8.47496e-02
   1.16023e-01  3.60657e-01  4.80108e-01 -8.23162e-03  1.22217e-01]
 [-3.11861e-02  3.62513e-01  2.76383e-01 -9.11474e-02  1.13197e-01
  -4.02958e-01  7.35291e-03 -4.09675e-01  1.03304e-02 -2.69582e-01
  -8.82216e-02 -2.25436e-01 -5.67094e-01  4.16822e-01  1.92220e-01
   1.89527e-01  2.36082e-01 -1.64555e-02 -2.36868e-02 -8.02822e-03
  -4.38649e-01  6.91384e-01  1.07373e+00 -1.42489e-01  6.32458e-01]
 [ 6.75106e-02  7.80761e-01  6.37304e-01  3.15384e-01  6.38011e-01
  -5.88916e-01 -3.62377e-01 -4.24762e-01 -3.24431e-02  2.55732e-02
  -1.37549e-01 -6.05348e-01 -1.31554e-01 -7.59009e-02  3.75830e-02
   1.37489e-01  3.33166e-02 -6.40642e-02 -1.46181e-01 -9.73299e-02
  -5.28229e-01  8.97826e-02  8.00349e-01  5.06197e-02  6.98236e-01]
 [-1.58963e-01  1.14138e-01  5.33682e-01 -1.30285e-01 -3.28840e-01
  -9.91667e-03  2.79275e-01 -3.86231e-02 -1.32350e-01  1.10668e-01
  -1.61904e-01  3.15612e-03 -1.11290e-01  2.01752e-02 -5.67554e-02
   5.74691e-01  2.82696e-01  2.90231e-01  6.94793e-02 -8.90190e-03
  -1.00244e-01  4.28407e-01  3.68669e-01 -9.13289e-02  4.26176e-01]
 [-1.06824e-01 -2.05015e-01  1.27499e+00  3.72095e-01 -7.59807e-02
  -7.98808e-01  1.41644e-01 -2.66293e+00 -1.22651e-01 -2.72706e-01
   3.25359e-02 -5.93312e-01  2.37584e-02 -1.36763e-01 -1.78931e-01
   1.05255e+00 -1.39307e-01  1.03521e-02 -8.43500e-02  1.11431e-01
  -6.23467e-01 -4.44496e-01  5.65960e-01  4.08928e-02  1.90183e+00]
 [-1.09715e-01 -6.03149e-01  7.50044e-02 -2.01931e-01 -7.54673e-01
   2.00857e-01  5.01414e-01  1.84561e-01  1.47168e-01  3.84997e-03
  -1.90107e-01  2.98076e-01  4.84152e-01  6.37510e-02 -7.92898e-03
  -6.77361e-02  1.22590e-02  1.46172e-01  8.81502e-03 -7.42854e-02
   1.04346e-02  7.14091e-02 -1.26114e-01  3.58484e-02 -6.45384e-01]
 [ 1.29785e-01  5.89036e-01  5.76960e-01  3.92801e-02  1.03974e+00
  -1.66458e-01 -6.53830e-02 -5.54185e-01  8.93728e-02  7.26334e-02
   2.76163e-01 -7.47518e-01 -4.25973e-01  7.10507e-01  9.75831e-02
  -1.38775e-01  1.29474e-02 -5.53673e-02 -5.94591e-02  4.18739e-03
  -7.98734e-01  5.58726e-01  6.43202e-01 -5.02579e-04  8.45740e-01]
 [-8.52984e-02  5.46448e-01  6.62764e-01 -1.75525e-01  2.17621e-01
  -2.89698e-01 -5.38659e-02 -4.28776e-01 -2.46043e-02 -4.08533e-02
   8.25731e-02  1.09827e-01  2.88274e-02 -5.00540e-01 -8.03904e-02
  -8.18497e-02 -1.97929e-01  5.98331e-02 -2.99866e-01  9.26717e-02
  -2.70310e-01 -3.50710e-01  5.35575e-01 -3.55674e-02  8.87135e-01]
 [-1.43169e-01  5.84206e-01  4.94589e-01 -1.79326e-01 -1.26379e-01
  -1.49995e-01  6.73023e-01 -6.75521e-01  4.78216e-02  1.18779e-01
   6.28472e-01  2.76268e-01  7.80743e-01 -8.22219e-01 -1.19715e-01
  -3.26595e-01 -2.08079e-01  1.31374e-01 -8.60665e-02 -2.73528e-01
  -2.89885e-01 -3.70495e-01 -5.46470e-02  4.34074e-02  6.37606e-01]
 [ 4.27253e-02 -1.51457e-01 -8.84547e-01 -6.32561e-01 -1.27329e+00
   2.13116e-01  6.20607e-01  4.88073e-01  2.42192e-01  4.38066e-02
   3.26137e-01  8.80246e-01  4.53004e-01 -4.79334e-01 -1.82625e-03
  -1.13714e-01 -9.00621e-02  1.39591e-01 -8.93171e-02 -2.58621e-01
   1.05540e+00 -2.39825e-01 -7.59536e-01 -3.59429e-02 -1.30187e+00]
 [-1.00623e-01 -5.53312e-01  8.98165e-01 -5.19193e-03 -8.32954e-01
  -6.73142e-01  1.54061e-01 -5.16302e-01  1.66950e-01  7.00846e-02
  -1.99418e-01  4.90258e-01 -4.73971e-01 -4.06133e-01 -6.04301e-02
   2.18613e-01 -3.52872e-01  3.72090e-01 -1.23558e-01  2.61234e-01
  -5.26464e-01 -6.34602e-01  2.79085e-01 -9.47131e-02  6.00867e-01]
 [-3.20017e-02 -7.99936e-01  1.97048e-01 -9.02140e-02 -4.70573e-01
   2.54039e-01  3.81421e-01 -1.42488e-01  1.32449e-01  1.12155e-01
  -3.97457e-02  8.06440e-01  5.24252e-02 -5.34822e-01  1.08761e-01
  -2.03565e-01 -3.26986e-01  1.26690e-01  4.60908e-02  8.30708e-04
   7.16088e-02 -3.30025e-01 -1.60220e-01 -3.06959e-02  3.40531e-01]
 [-3.38662e-02  1.93745e+00 -3.71328e+00 -2.91221e-02 -5.66575e-01
   6.38429e-01  3.31066e-01  2.35915e+00 -6.28735e-02 -4.11068e-01
  -3.05366e-01 -3.85660e+00 -4.69217e-02  8.20147e-01 -1.01836e-01
  -1.06594e+00 -2.34223e-02  1.33661e-01 -4.64574e-03  1.35059e-01
   4.00959e+00 -3.39352e+00  1.81894e-01 -1.43204e-01  4.03211e-01]
 [-3.57142e-01 -1.12293e+00 -8.19604e-01  4.52006e-02 -7.18339e-01
  -1.58469e-01 -2.28754e-01  1.26933e+00 -1.48974e-01 -1.32683e-01
  -2.36135e-01  4.61291e-01  1.21645e-01 -4.49820e-02  6.80033e-02
  -1.54864e-01  5.29179e-02 -4.48587e-03 -1.26832e-01  6.48461e-02
   4.62744e-01 -4.14630e-01 -1.42608e+00 -1.77268e-01 -2.83064e+00]
 [ 1.53268e-02 -6.92425e-01 -1.91209e-01  2.73145e-01 -7.71721e-02
   6.43049e-02 -2.47210e-01  7.80894e-01  1.61067e-01  1.87890e-01
  -3.53664e-01 -5.37558e-02 -3.64881e-01 -8.13042e-01  6.32857e-04
   4.12874e-01 -2.76094e-01 -1.14937e-01 -8.70983e-02 -9.59280e-02
  -1.33992e-01 -3.63941e-01 -7.92901e-01 -6.77293e-02 -1.15113e+00]
 [ 6.34755e-02  2.52221e-01  3.12397e-01 -2.01655e-01 -4.08118e-01
   4.04789e+00 -6.35494e-01 -5.50363e-02 -1.60350e-01 -4.00536e-01
   1.11594e-01  1.98529e-02  2.35424e+00  4.17117e-01 -1.39010e-01
  -1.18730e+00  1.08142e+00 -5.38909e-01 -2.67099e-01 -6.13933e-02
   3.13117e-01  1.11604e+00 -3.51092e-01  1.27015e-01  5.65128e-03]
 [ 4.18364e-02 -5.66986e-01 -5.02535e-01  1.83309e-01  4.28987e-01
  -2.51072e-01 -1.08918e-01  8.61421e-01  2.01554e-01  7.26986e-02
   1.12743e-02  2.61659e-01 -4.83078e-02 -1.59493e-01 -9.41295e-03
   1.36174e+00 -4.67432e-01  2.63326e-01  4.83080e-02  1.54707e-01
   5.37129e-01 -8.04008e-01 -9.67796e-01  3.29131e-02 -2.33403e+00]
 [-7.59601e-02 -1.91439e-01 -3.60964e-01 -2.44966e-02 -3.13413e-01
   8.37756e-01 -5.77984e-01  9.85472e-01  3.52374e-02 -3.10704e-01
  -1.95135e-01 -3.92660e-01  3.88791e-01 -3.64626e-01  6.22190e-04
  -2.67437e-01  4.10025e-02 -2.37681e-01 -6.08314e-02 -9.39146e-02
  -9.39838e-01 -6.13283e-01 -1.22572e+00  9.11885e-02 -1.59863e+00]
 [-1.08925e-01 -3.50720e-01 -2.06059e-01  2.73238e-01 -1.38811e+00
   1.07922e-01  2.33702e-01 -1.65328e-01 -4.14200e-02 -3.79729e-01
   8.98258e-02  1.77768e-01  8.40778e-02 -8.21923e-01 -9.75176e-02
  -7.27993e-01 -2.21888e-01 -7.22097e-02 -5.74522e-02 -2.84452e-01
   5.28197e-01 -1.29815e-01 -1.10053e+00 -3.12331e-02 -8.74213e-01]
 [-2.09285e-02  8.64743e-01  7.98890e-02  9.10566e-01 -9.51557e-02
   9.04223e-01 -4.18632e-01 -7.62285e-01 -2.44094e-01 -3.68736e-01
  -1.66690e-01  6.92946e-02  6.08137e-01 -9.73044e-02 -4.50647e-02
   1.58485e-01  5.98534e-01 -1.57844e-01 -1.46454e-01 -1.02960e-01
  -5.80111e-02  1.06558e+00  1.13356e-01  9.42988e-02  9.23558e-01]
 [ 6.12691e-02  5.00633e-01  4.93879e-01 -2.13767e-01  2.02632e-01
   8.86924e-01  3.02322e-01 -4.80333e-01  2.26461e-01 -2.00358e-01
   8.38394e-02  5.44422e-02  1.18277e+00 -4.86883e-01  3.33278e-02
  -3.01802e-01  9.75301e-03 -1.20975e-01  1.23729e-01 -2.41836e-01
  -3.41016e-01 -5.01229e-01  6.97764e-02  3.93485e-02  5.48998e-01]
 [-1.66457e-01 -9.33724e-03 -2.37324e-01  4.57808e-01  2.75889e+00
  -4.84087e-01 -8.38335e-01 -1.82193e-02  2.61412e-02  2.97714e-01
   5.34456e-01 -1.23481e-01  4.20799e-01 -1.50135e-01 -1.43022e-01
  -2.17759e+00 -6.42364e-02  1.41614e-03 -1.91231e-01 -6.14909e-02
   5.73581e-02  3.80951e-01 -5.89746e-01  7.49145e-02  2.12435e-01]
 [-1.55995e-01 -1.02439e+00 -6.72220e-01 -2.18668e-01 -5.97471e-01
   7.32249e-02 -7.51979e-02  8.13413e-01 -1.37603e-01 -1.05052e-01
   3.22416e-01  1.26219e+00  2.64949e-01 -7.40235e-01 -2.01953e-01
  -1.55906e-01 -4.51620e-01  8.35575e-02 -9.96121e-02 -4.46706e-02
   7.55289e-01  1.36612e-02 -2.23528e+00  2.97138e-02 -2.25739e+00]]

W2: 
[[-0.05481]
 [-6.03986]
 [-4.0555 ]
 [-1.36206]
 [-3.92117]
 [ 4.46798]
 [ 2.52339]
 [ 6.26168]
 [ 0.83647]
 [ 2.11083]
 [ 1.95607]
 [ 6.21329]
 [ 4.20523]
 [-5.82924]
 [-0.13233]
 [-3.84146]
 [-1.56222]
 [ 1.02031]
 [-0.09321]
 [-0.35216]
 [ 4.17006]
 [-3.75774]
 [-5.49894]
 [ 0.73447]
 [-8.21081]]

# --- EXPERIMENT COST, ACC. & ERROR HISTORY --- #

cost: 
[0.64167 0.62013 0.6021  ... 0.12604 0.12604 0.12604]

accuracy: 
[ 0.       0.       0.      ... 12.29572 12.29572 12.29572]

error: 
[126.5 126.5 126.5 ...  47.5  47.5  47.5]