# --- APTitude Experimental Analytics Report (v0-baseline) --- #

# --- EXPERIMENT HYPERPARAMETERS --- #
epochs: 50000
alpha: 0.0001
lamb: 0.001
train_size: 0.9
threshold: 7000
l1: 25
b: 0.8

# --- LEARNED MODEL PARAMETERS --- #

W1: 
[[-6.89759e-02 -1.92743e-01  5.80735e-01  9.52829e-02 -3.15685e-01
   3.16133e-02 -3.30609e-02 -3.04018e-01 -1.50319e-01  1.94121e-02
   1.66692e-02  3.08222e-01  1.07142e-01 -3.28180e-02 -1.45559e-01
   2.15379e-01 -2.36140e-01  1.24305e-01 -3.73394e-02 -1.13886e-01
  -4.17177e-01 -2.50990e-01 -1.14485e-01  7.85502e-03  4.88554e-01]
 [-1.91850e-01  3.37043e-01  5.48436e-01  3.19217e-01  4.86877e-02
  -2.37337e-01 -7.05417e-02 -2.63191e-01  7.30738e-02 -1.91615e-04
   8.13829e-02 -1.30088e-01 -2.39601e-01  2.34333e-01 -1.83815e-02
   2.05404e-01  2.40674e-01 -6.96385e-02 -6.58133e-02 -2.46211e-02
  -4.73947e-01  2.62923e-01  2.89329e-01  2.16737e-01  1.59389e-01]
 [-1.99365e-02 -2.32009e-01 -7.43557e-01 -2.32032e-01 -1.94901e-01
  -8.64045e-03 -1.96409e-01  6.25617e-01 -6.66436e-02  1.44641e-02
  -3.84665e-02  2.41494e-01  5.87455e-02 -1.67153e-01  8.68912e-03
   3.95411e-03 -2.01109e-01  3.87448e-02 -5.58625e-02 -1.37907e-01
   3.91481e-01 -3.83055e-02 -6.22194e-01  1.89585e-01 -9.38652e-01]
 [ 9.62916e-02  2.95913e-01  3.42184e-02 -2.98594e-01  1.35872e-02
  -2.60171e-01  9.89552e-02 -1.96492e-01  2.33684e-01 -1.19856e-01
   1.65932e-01 -5.23496e-01  7.52588e-03  1.00183e-01 -1.47964e-01
  -8.31237e-02 -1.62967e-01  9.24953e-03 -7.60995e-02  1.07583e-01
   6.06672e-02  8.51989e-02  6.51256e-01  7.74387e-02  3.98114e-01]
 [-1.10570e-02 -9.44754e-02  9.49714e-02  4.96697e-01  2.59421e-01
   5.73957e-02 -1.62368e-01 -9.28101e-02 -1.31745e-01  1.22651e-01
   2.55559e-03  1.80162e-01 -1.07046e-01  2.03505e-01 -8.51539e-03
   2.40698e-01  1.20194e-01 -9.54409e-02  4.01087e-02 -1.80504e-01
  -1.71396e-02  7.95266e-02 -1.23449e-01  2.41775e-01 -1.33387e-01]
 [ 5.10397e-03  1.08330e-01  3.95253e-01  1.32262e-01  2.81771e-02
   8.42206e-03  1.43928e-01 -1.07501e-01  7.60995e-02  5.17466e-02
  -8.88665e-02 -8.25233e-02 -3.03551e-01 -1.50489e-01  1.33190e-01
  -1.10970e-01  1.39097e-01  1.05268e-01 -1.14298e-02 -2.06973e-02
  -1.79187e-01 -1.32679e-01 -8.24194e-02  1.34308e-02  3.07514e-01]
 [ 7.22538e-02  2.26493e-02  4.31292e-01 -1.72945e-01  1.56989e-01
  -1.76731e-02 -5.59908e-02 -2.60437e-01  2.70219e-02 -6.79272e-02
  -8.12100e-02 -7.20896e-02  6.90136e-02 -8.63972e-02  1.91416e-01
   4.79413e-02 -2.82384e-01 -3.21814e-02  1.60629e-01  1.64522e-03
  -2.31468e-01 -1.15260e-01  1.79213e-01  1.15978e-01  4.20620e-01]
 [ 3.55409e-02  3.88655e-01  1.15557e-01 -2.79476e-02  2.72372e-01
  -4.23428e-02  5.29333e-02  2.06934e-02  4.10025e-03 -3.11378e-01
   1.71309e-01 -1.23370e-01 -1.37956e-01  7.36183e-02  2.11776e-02
  -1.16110e-01  1.39647e-01 -1.45204e-02 -4.20665e-02 -7.64718e-02
  -1.17749e-01  2.44943e-01  3.84379e-01  8.85462e-02  1.13795e-01]
 [-9.40856e-02  3.74899e-01  2.71732e-01  1.60422e-01  4.50724e-01
  -3.24795e-01 -2.16946e-01 -1.99705e-01 -1.56391e-01 -1.74534e-01
  -8.75845e-02 -1.37021e-01 -3.63793e-01  3.33520e-01 -7.30465e-02
   3.03982e-01  1.46252e-01  2.38657e-02  5.65626e-02  8.26890e-02
   1.05303e-01  5.07047e-01  5.99903e-01 -2.76946e-02  2.05985e-01]
 [-7.62177e-02 -1.39028e+00  7.03021e-03 -2.52887e-02 -9.66221e-02
   8.83813e-01 -1.87763e-01 -1.90483e+00  1.18493e-01  6.07837e-02
  -1.03813e-01  2.68669e+00 -7.55286e-02 -3.08264e-01 -1.72278e-01
   8.47669e-02 -1.02708e-01  1.13712e-01  6.72452e-02 -4.80856e-02
  -8.42403e-03  2.43254e-02 -1.62571e+00 -6.95352e-03  2.65402e+00]
 [ 7.25645e-02  4.43052e-01  7.87086e-01  1.42076e-01  3.45846e-01
  -1.96418e-01 -1.85754e-03 -1.46077e-01  1.63414e-01  5.14498e-02
  -3.41597e-02 -1.84808e-01  3.85236e-02  1.57856e-01 -2.06166e-02
   1.53825e-02  4.20222e-01  2.78113e-02  9.65152e-02 -1.11006e-01
  -5.34858e-01  1.09419e-01  5.79180e-01  8.75057e-02  2.54156e-01]
 [ 5.05323e-02  3.95846e-01 -2.46247e-01  1.53903e-01  1.05335e-01
  -1.39410e-01  5.40208e-02  2.32114e-02 -7.82321e-02  7.91100e-03
   7.85102e-02 -4.08288e-01 -7.87179e-02  1.17671e-01 -6.26973e-02
   1.17765e-01  1.32461e-01  2.63229e-01  1.38669e-01  1.75825e-01
  -2.13684e-02  1.44281e-01  4.00513e-01 -2.15938e-01  3.83283e-01]
 [-7.17363e-02  6.11093e-02  1.59555e-01  1.38923e-01  1.37491e-01
  -7.54574e-02  1.11417e-01 -1.83395e-01 -9.62366e-02  7.05506e-03
   3.01595e-02 -2.78790e-01  1.43899e-01 -3.75950e-02  2.64143e-02
  -8.27616e-02 -1.31550e-02 -5.71570e-02  6.64337e-02 -1.25006e-01
  -1.71304e-01  2.35180e-01  9.71868e-02  2.95682e-02  3.33553e-01]
 [-6.43222e-02  3.31956e-01  3.61700e-02 -2.03453e-03  1.06651e-01
  -2.00471e-01  2.78906e-01 -1.86421e-01 -3.26988e-02 -1.10729e-01
   2.75922e-02 -2.82261e-01  8.88117e-02  3.15535e-01 -1.31089e-01
   1.01526e-02  1.95963e-01  3.27691e-02  3.38988e-02  1.62561e-01
   1.92485e-03  1.85538e-01  3.23850e-01  2.04216e-01  3.53688e-01]
 [-7.48987e-02 -3.31825e-02 -9.24732e-02  7.30917e-02 -1.10750e-02
   3.28432e-02  5.59738e-02 -6.25723e-01  1.01787e-01 -1.73953e-02
   1.10166e-02  5.44058e-03  5.11795e-02 -2.79311e-01 -6.37683e-02
  -1.61325e-01  1.36399e-01 -5.08708e-04 -4.21267e-02  3.69378e-02
  -3.37595e-01 -1.87053e-01  5.78164e-02 -7.28438e-02  6.86128e-01]
 [-2.07605e-01 -7.20642e-02  3.46796e-01 -2.77072e-01 -2.21029e-01
   7.27121e-03  6.36750e-02 -3.23467e-01  2.55275e-02  6.16256e-03
  -1.14234e-01 -4.91964e-02 -7.26086e-02 -2.70592e-01 -2.54125e-01
   7.48499e-02 -9.31751e-02  1.91252e-01 -1.69175e-01 -7.80752e-02
  -1.96258e-01 -2.05196e-01  7.22179e-02  1.17498e-02  2.23032e-01]
 [-2.54221e-01 -1.57107e-01  2.99700e-01  3.72709e-02  2.17935e-01
  -8.59757e-02 -2.68864e-03 -3.78643e-01  2.43021e-02 -1.75060e-02
   4.82060e-02  1.54863e-01 -9.82850e-02  3.61307e-02 -1.51220e-01
   1.22467e-01 -1.03303e-01 -4.85340e-03 -6.02741e-03  1.58402e-01
  -1.40711e-01 -4.26530e-02 -9.04530e-02  4.24541e-02  2.53924e-01]
 [-6.90810e-02  1.53016e-01  3.21114e-02 -1.56096e-01  2.55206e-01
   1.41124e-01 -1.85128e-01  3.05879e-03  1.88425e-01 -8.75541e-02
   2.62967e-02 -2.97655e-01 -8.81980e-02  1.38659e-02  2.01493e-02
  -9.56580e-02  1.98163e-02 -5.82305e-02 -8.87750e-02 -7.63494e-02
  -2.96438e-02 -1.98450e-02  2.11955e-01  5.10346e-02 -5.72566e-02]
 [-9.89842e-04  1.19579e-01  4.45056e-02  4.75982e-02  4.73800e-02
  -1.62999e-01 -9.88007e-02 -4.08734e-01  6.82264e-02 -1.20660e-01
  -2.63110e-02 -6.61991e-02 -2.58340e-01  2.81644e-01  2.12600e-01
   5.94520e-02  1.62659e-01 -2.25254e-02 -6.25291e-03 -1.09359e-02
  -1.92881e-01  2.67376e-01  5.22976e-01 -1.20809e-02  4.83715e-01]
 [ 9.64523e-02  4.14489e-01  2.36541e-01  4.57944e-01  3.99320e-01
  -4.18214e-01 -2.36112e-01 -3.44774e-01  7.48135e-02  9.98220e-02
  -9.09478e-02 -3.73315e-01 -1.37479e-01  8.59647e-02  6.41657e-02
   7.11475e-02  1.18247e-01 -8.32026e-03 -1.22810e-01 -7.02038e-02
  -1.95017e-01  2.32040e-01  5.20731e-01  1.08309e-01  4.08811e-01]
 [-1.31310e-01  1.43972e-01  2.98414e-01  6.62395e-02  1.30458e-01
  -1.05647e-02  1.01579e-01 -5.43965e-02 -3.20929e-02  8.76398e-02
  -3.57771e-02 -1.63944e-01 -7.61941e-02  1.64553e-01 -2.91141e-02
   1.06609e-01  2.55012e-01  2.44072e-01  9.65857e-02  2.37243e-03
  -1.48081e-01  1.03761e-01  2.09666e-01 -2.40113e-03  1.76715e-01]
 [-7.86922e-02  4.51556e-01  9.88118e-01  3.62804e-01  3.80604e-01
  -1.84397e-01 -7.39556e-02 -1.08454e+00  7.16374e-02  1.73503e-02
   9.01559e-02 -3.26666e-01 -1.96857e-01  4.20929e-01 -1.49517e-01
   1.18333e-01 -1.27496e-01  4.44699e-02 -4.18032e-02  1.88728e-01
  -7.95309e-01  2.24571e-01  2.07204e-01  6.96652e-02  1.51343e+00]
 [-8.06215e-02 -2.73211e-01 -4.95512e-02 -1.87970e-01 -4.14954e-01
   1.36028e-01  1.83929e-01  2.24641e-01  1.37407e-01  1.59506e-02
  -1.77086e-01  1.15683e-01  4.68941e-01  9.78813e-02  3.34963e-02
  -2.14248e-01 -7.97598e-02  1.12114e-01  3.74376e-02 -5.34566e-02
  -1.38543e-02 -6.72995e-02 -4.02094e-01  5.95254e-02 -6.10372e-01]
 [ 1.59261e-01  3.97613e-01  2.95302e-01 -5.28777e-02  5.07875e-01
  -1.23478e-01 -6.64539e-02 -5.09193e-01 -5.60199e-02 -1.26671e-02
   1.75496e-01 -3.18596e-01 -1.62826e-01  3.71515e-01  1.40152e-01
  -1.60425e-02  3.44955e-02 -1.07815e-01 -3.05966e-02  2.47979e-02
  -2.11281e-01  2.43629e-01  3.91481e-01 -4.75787e-02  5.85346e-01]
 [-5.34793e-02  1.65991e-01  3.60511e-01 -3.25245e-02  1.08963e-01
   1.59884e-01 -1.21006e-01 -3.16464e-01  9.10862e-03  2.65223e-02
  -7.63964e-02 -8.17388e-03  4.27921e-02 -1.05016e-01 -5.43606e-02
  -2.57515e-02 -1.49376e-01  5.67651e-02 -2.59964e-01  1.14519e-01
  -1.68122e-01 -1.32181e-01  1.72068e-01 -9.63649e-02  7.24103e-01]
 [-1.10758e-01 -8.85824e-02  9.30215e-02 -8.97321e-02 -4.82063e-01
   3.61936e-02  2.97774e-01 -5.16182e-01  4.78389e-03 -4.15997e-02
   2.92635e-01  3.19968e-02  3.39836e-01 -3.14325e-01 -8.41747e-02
  -1.15623e-01 -6.76509e-02 -1.16310e-01 -2.64408e-02 -2.34120e-01
  -2.33858e-02 -3.02333e-01 -2.20396e-01 -3.91218e-02  4.24652e-01]
 [ 7.42427e-02 -3.15576e-01 -3.71495e-01 -4.31062e-01 -5.09812e-01
   2.83955e-01  2.90076e-01  3.45070e-01  1.52419e-01 -5.00577e-02
   2.79561e-02  5.44587e-01  1.44614e-01 -1.47033e-01  3.65962e-02
  -7.66739e-02  1.02910e-01 -8.49643e-02 -4.93350e-02 -2.64177e-01
   1.93483e-01 -1.45321e-01 -3.07602e-01 -9.03400e-03 -4.40966e-01]
 [-7.16271e-02 -3.57415e-01  4.57822e-01  1.19687e-01 -2.24527e-01
  -6.42787e-02  1.48202e-01 -3.21886e-01  1.14772e-01  6.09705e-02
  -4.11021e-02  5.89735e-03  1.81369e-02 -4.75546e-02 -3.92397e-02
   3.12128e-03 -5.94662e-02  1.00353e-01 -9.96538e-02  2.40726e-01
  -4.91006e-01 -2.45885e-01 -3.28666e-02 -6.85118e-02  4.03678e-01]
 [-2.59047e-04 -4.19377e-01  4.50410e-02 -4.41848e-02 -3.07542e-01
   1.23123e-01  1.97943e-01 -7.73648e-02  1.54947e-01  9.91100e-02
   2.74201e-02  2.00094e-01  4.46609e-02 -6.37025e-02  1.47688e-01
   6.25998e-02 -2.13954e-01 -5.32667e-02  8.59786e-02  4.11518e-02
   7.37373e-02 -2.78909e-01 -2.68802e-01 -5.27873e-03  1.63087e-01]
 [-4.19548e-03  1.20823e-01 -1.90985e+00 -1.28024e-01 -1.05020e-01
   1.00946e-01  8.32835e-02  4.84285e-01  1.14560e-01  1.66780e-02
   2.79497e-02 -7.04891e-01  3.24983e-02 -8.62114e-02 -6.78030e-02
  -1.65046e-01 -1.68499e-02 -4.76540e-02  2.99203e-02  8.89066e-02
   1.71575e+00 -8.14894e-01  3.49122e-01  6.22225e-02  3.82901e-01]
 [-3.25920e-01 -7.09316e-01 -5.19812e-01 -1.20545e-01 -4.10730e-01
   2.54489e-01  6.73397e-02  1.12319e+00 -6.52384e-02  1.88467e-02
   3.10620e-02  5.63415e-01  3.33775e-01 -1.63045e-01  9.54872e-02
  -3.20311e-01 -1.31413e-01 -1.92694e-02 -1.01299e-01  1.40298e-02
   1.38397e-01 -1.66543e-01 -7.80824e-01 -4.66925e-02 -1.70356e+00]
 [ 4.52994e-02 -2.77329e-01 -7.80408e-02  3.33454e-01 -1.99502e-02
   1.82601e-01 -3.37204e-01  8.41913e-01  1.49114e-01  6.41353e-02
  -1.41301e-01  2.17864e-02 -1.68620e-01 -2.61201e-01  4.27994e-02
   1.95658e-01 -1.79744e-01 -1.85078e-01 -4.15808e-02 -1.16888e-01
  -6.71401e-03 -2.03336e-01 -4.54517e-01  6.92841e-02 -1.04574e+00]
 [ 9.42598e-02 -8.70886e-02  1.99527e-01 -1.74588e-01 -1.63404e-01
   3.58065e-01  5.70634e-02  3.83580e-01 -2.01609e-02 -8.30544e-02
   1.58124e-01  6.30980e-02  2.39689e-01 -3.12058e-02 -1.10673e-01
   9.81928e-02  1.55771e-02 -5.67342e-02 -2.08110e-01 -3.90830e-02
  -2.08412e-01  1.17489e-01  1.17968e-01  2.11263e-01  1.83242e-01]
 [ 7.13681e-02 -5.65253e-01 -3.69139e-01  1.48797e-01 -2.37779e-01
   1.19241e-01 -7.50073e-02  9.09535e-01  3.62306e-02 -2.95851e-02
  -1.40127e-01  5.44610e-01  4.39064e-03 -1.83747e-01  2.62373e-02
   5.73097e-02 -3.64278e-01  1.71073e-01  7.63916e-02  2.25607e-01
   4.22580e-01 -2.80028e-01 -7.36074e-01  1.32594e-02 -1.40256e+00]
 [-4.46515e-02 -3.33896e-01 -4.05335e-02 -3.42753e-01 -2.16292e-01
   1.81151e-01 -2.96723e-02  7.27611e-01 -2.43117e-02 -1.67236e-01
  -3.93993e-02  1.17958e-01  8.15142e-03 -2.81831e-01  4.52800e-02
  -5.73774e-02 -1.70560e-01 -8.51221e-02 -1.97514e-02 -8.90212e-02
   1.79418e-02 -2.81725e-02 -6.51966e-01  3.89021e-02 -1.05574e+00]
 [-7.79445e-02 -5.38471e-02  6.58269e-02  5.71464e-02 -3.63417e-01
   1.66368e-02  4.51826e-02 -1.17869e-01 -3.17659e-02 -7.44770e-02
   3.93456e-02  6.94779e-02  1.21995e-01 -1.99147e-01 -5.24379e-02
  -1.62813e-01 -2.33173e-01 -1.10218e-01 -2.63005e-02 -2.48689e-01
   1.99504e-02 -2.54866e-01 -3.05560e-01 -4.26456e-02  9.39882e-02]
 [ 9.64934e-03  1.73068e-01  3.95802e-01  4.43656e-01  3.22104e-02
  -8.87946e-03 -2.23260e-01 -5.83627e-01 -6.05357e-02  7.13321e-02
  -1.24614e-01 -2.31896e-01  4.30030e-02  5.50854e-02 -1.37295e-02
   2.52853e-01  1.82431e-01 -6.87662e-02 -1.16512e-01 -2.56190e-02
  -2.68004e-01  2.80845e-01  3.20503e-01  1.89157e-02  5.30759e-01]
 [ 9.32387e-02 -1.42821e-01 -3.41638e-01 -7.21956e-02 -1.98520e-01
   8.66404e-02  1.70734e-01 -3.25300e-01  2.06929e-01 -1.89958e-01
  -4.37846e-02  8.02888e-02  2.84827e-01 -2.39524e-01  6.28420e-02
   1.14028e-01 -2.32406e-02 -9.71766e-02  1.60389e-01 -1.92467e-01
   1.14889e-01 -2.62766e-01 -1.68617e-02 -3.08196e-02  2.73264e-01]
 [-1.40565e-01 -7.06855e-02 -7.93308e-02  1.27795e-01  1.13361e-01
   5.28154e-02 -2.32855e-01  6.74467e-04 -6.66256e-03  2.36884e-02
   1.88433e-02  1.69095e-01 -2.70134e-01 -4.62322e-02 -9.26187e-02
  -2.01769e-01  1.57726e-01  4.41207e-02 -2.03535e-01 -1.92481e-02
   7.16345e-03  2.91461e-01  4.89855e-02  3.42127e-02 -1.76401e-01]
 [-1.24498e-01 -7.15719e-01 -3.95258e-01 -3.51558e-01 -4.61791e-01
   5.11866e-01  1.87410e-01  9.14412e-01 -4.82382e-02 -1.36990e-01
   2.78238e-01  5.79771e-01  5.25697e-01 -4.09881e-01 -1.63807e-01
   5.90276e-02 -4.05703e-01 -2.95692e-02 -6.00843e-02 -5.52146e-02
   3.30303e-01 -2.25236e-01 -9.66517e-01  1.06588e-01 -1.61419e+00]]

W2: 
[[-1.50841e-03]
 [-1.99006e+00]
 [-2.41183e+00]
 [-1.01603e+00]
 [-1.52573e+00]
 [ 1.40051e+00]
 [ 9.60931e-01]
 [ 3.24211e+00]
 [ 4.11388e-01]
 [ 9.79032e-03]
 [ 5.14553e-01]
 [ 2.81726e+00]
 [ 1.26929e+00]
 [-1.08018e+00]
 [-8.28178e-02]
 [-3.58195e-01]
 [-6.69528e-01]
 [ 9.58813e-02]
 [-2.07300e-02]
 [-2.50466e-01]
 [ 1.91270e+00]
 [-1.19143e+00]
 [-2.57083e+00]
 [ 3.15663e-01]
 [-4.55394e+00]]

# --- EXPERIMENT COST, ACC. & ERROR HISTORY --- #

cost: 
[0.6416  0.61997 0.60186 ... 0.25114 0.25114 0.25114]

accuracy: 
[0.      0.      0.      ... 4.20233 4.20233 4.20233]

error: 
[126.  126.  126.  ...  99.5  99.5  99.5]