# --- EXPERIMENT HYPERPARAMETERS v2 --- #
prnt: 50.0
epochs: 500
alpha: 0.001
lamb: 0.001
train_size: 0.95
threshold: 5500
l1: 25
lb: 0.2
ub: 0.8

# --- LEARNED MODEL PARAMETERS v2 --- #

W1: 
[[-9.36976e-02 -8.38964e-02  2.79143e-01 -1.43752e-01  2.45039e-02
  -1.08847e-01 -1.88420e-01  4.52022e-02 -2.03623e-02 -1.58368e-01
  -2.66283e-01 -2.34692e-02 -2.00605e-01  8.71286e-02 -2.91377e-02
   4.27650e-02 -3.21029e-02  1.47810e-01  6.02448e-02  1.65673e-01
  -6.46283e-03 -1.09274e-01 -1.47454e-01 -1.03740e-01  3.41099e-02]
 [-5.54135e-02  3.08087e-01 -8.46751e-02  4.07804e-02 -3.73119e-02
  -2.95052e-02  1.26062e-01 -3.44554e-02  1.01877e-01 -1.04143e-01
   3.11806e-03 -3.67598e-02  3.57534e-02 -4.81710e-02  2.42765e-01
   1.00653e-01 -4.91878e-02 -6.80547e-02  1.11253e-01  5.74914e-02
   1.90492e-01  8.56023e-02  1.08566e-01  1.90563e-02 -2.20777e-01]
 [-1.05048e-01 -3.78876e-01  1.86457e-01 -5.08449e-02  3.32338e-01
  -6.08559e-01 -1.36651e-01  5.86413e-01 -8.64333e-02 -4.30482e-02
  -1.70211e-01 -7.62978e-02  5.56576e-01 -5.76680e-01 -9.48150e-01
  -9.89076e-02  8.98362e-02 -1.79259e-02 -1.05277e-01 -5.58962e-02
  -6.98577e-01  5.54923e-02  1.91506e-01 -4.15821e-01 -1.32385e-01]
 [ 7.14246e-02  2.72814e-02 -4.51357e-01 -7.98673e-02 -1.63004e-01
  -6.46775e-02  2.18912e-01  3.64886e-02 -1.39110e-02 -1.03991e-02
   1.51597e-01 -1.42619e-01 -8.40564e-03  1.34526e-02  1.30423e-01
  -2.25949e-03 -7.04799e-02  1.19965e-01  3.48234e-02  2.30896e-01
   3.77157e-02  2.11005e-02 -6.83489e-02  1.29698e-01 -7.06967e-02]
 [-2.04667e-02  8.89555e-02  7.23467e-02  3.15965e-02  4.95326e-02
  -3.88188e-02  2.63029e-02  3.65514e-03 -2.23994e-01  1.27429e-01
  -1.46644e-01  1.72216e-01  1.07966e-01  2.34816e-01 -2.29537e-02
   2.86235e-02  1.02550e-01 -1.50525e-01  4.18563e-03 -1.99741e-02
  -4.78099e-02 -2.12401e-01 -2.23359e-01  2.06936e-02  1.67881e-02]
 [-4.08236e-02  8.40227e-03 -1.10114e-01 -5.34918e-02  4.93515e-02
   5.01962e-03  7.62187e-02 -1.36714e-01 -1.87544e-01 -8.04254e-02
  -2.89117e-02 -1.38512e-01 -1.10663e-01  1.40458e-02  2.13169e-01
   6.36114e-02  1.06924e-01 -7.60737e-02  1.63618e-02  1.47262e-01
   5.30985e-02 -5.75613e-03 -8.37365e-02  8.62388e-02  1.31791e-02]
 [ 1.13743e-01  8.68806e-03  1.87172e-01 -1.28131e-02 -1.47464e-01
   6.29852e-02  5.59147e-02  7.77508e-02 -5.58181e-02 -5.83536e-02
  -3.22814e-02 -6.97469e-02 -2.98489e-01  1.37716e-01  2.10429e-01
  -9.50690e-02 -1.17250e-01 -1.70195e-02 -8.98298e-02  1.00765e-01
  -2.03767e-02  6.44015e-02 -1.32865e-01 -1.40022e-01 -1.67018e-01]
 [-1.25625e-01  1.24260e-01  1.11791e-02  6.58698e-03 -3.22986e-02
  -7.67178e-02  1.43593e-01 -2.80091e-01  1.43996e-01  2.43324e-01
   1.24544e-02  2.57428e-02 -4.50927e-02 -3.64859e-03  6.31748e-02
  -1.01875e-01  1.35761e-03  9.94358e-02 -9.96993e-03  1.51663e-01
   4.87001e-02 -1.40252e-01 -3.07971e-03  4.64026e-02 -1.56145e-01]
 [ 1.19620e-01 -4.43364e-02 -1.09287e-01  1.52480e-02 -1.41484e-01
   1.67406e-01  6.30156e-02 -4.11221e-02  3.38030e-03 -5.25818e-02
  -7.81563e-02 -6.87276e-03  5.53693e-02  1.71887e-01  1.02901e-01
   8.45147e-02  1.25179e-01 -1.22600e-01 -1.01483e-02  1.59370e-01
   3.69603e-02 -4.24465e-02  6.17573e-02  6.62024e-03  1.25768e-01]
 [-1.08124e-02  1.05973e-01  2.56607e-01  1.17872e-01 -1.53847e-01
  -2.85135e-02 -8.41001e-02 -9.25681e-02 -1.45200e-01  5.74787e-02
   1.74933e-01  1.33946e-01 -1.56192e-01  8.70154e-02  9.22214e-02
  -9.51195e-02  1.69696e-01 -6.78030e-02 -1.18235e-01  6.84893e-02
   1.24973e-01  1.58801e-01  1.55490e-01 -4.16841e-03 -2.08142e-01]
 [ 7.88155e-02  1.23478e-01  1.43087e-01 -1.64713e-01 -1.40045e-01
   2.10240e-01  1.87934e-01  5.42175e-02  8.82984e-03  1.23881e-01
  -5.77074e-02 -1.64613e-01 -1.09507e-01  1.08785e-01  2.41529e-01
   8.91537e-02 -1.89244e-01  3.35205e-02  3.48572e-02 -1.08490e-01
   6.39068e-02  3.44542e-03  3.82261e-02 -7.14724e-02 -6.73141e-02]
 [-1.16483e-01  6.66977e-02 -8.88684e-02 -7.15479e-02  3.15112e-02
   3.58223e-02 -1.29056e-01  4.27957e-02  9.51209e-02  2.66601e-02
  -1.31255e-01  7.84513e-02 -1.40143e-01 -1.41041e-01  7.13873e-02
   1.49146e-01 -5.52428e-02  6.15907e-02  1.09259e-01  4.26431e-02
  -2.97605e-03  5.83300e-04  5.07732e-02 -5.76199e-02  2.96704e-02]
 [ 5.26900e-02 -3.75777e-03  1.19823e-02  4.41106e-02 -6.68194e-02
   2.63649e-02  1.24332e-02 -9.70534e-02 -2.72310e-02 -1.21124e-01
  -8.04206e-03  3.45262e-02 -3.48552e-02 -1.37986e-02  1.60035e-01
   2.78426e-02 -1.05516e-01  5.37456e-02 -4.42569e-02 -9.32782e-03
   7.84393e-02 -2.17096e-02 -2.31805e-01  2.50243e-02 -1.19483e-01]
 [ 4.79971e-03  1.45912e-01 -9.61056e-02 -5.75465e-02 -3.32502e-02
   1.98426e-01 -6.21876e-02 -2.06955e-01  4.68692e-02  1.50400e-01
  -3.03454e-03  3.84242e-02 -1.97831e-01  1.19598e-01  1.12138e-01
  -1.63249e-01 -2.26710e-02 -1.43809e-02 -2.78732e-01  3.46255e-02
   1.24619e-01  2.22822e-02  1.90904e-02 -7.65148e-02 -8.91007e-02]
 [-2.21751e-02 -1.10117e-01 -4.05288e-02  1.09453e-01 -9.05539e-02
  -5.33056e-02  1.67107e-01 -4.08384e-02 -1.20153e-01  1.60664e-02
  -5.54512e-03 -1.48602e-02 -2.33834e-01  6.19983e-02  5.51850e-02
   1.95287e-01  5.49244e-02 -5.19555e-02  3.26316e-02  7.81171e-02
   1.38223e-02 -7.27084e-03  1.32133e-01  2.66596e-02  5.47720e-02]
 [-1.09653e-01  2.04314e-02 -1.81703e-01  1.23347e-01 -2.87709e-02
   1.67230e-02  1.18284e-01 -9.52576e-02  1.07924e-01  1.33971e-02
   8.77951e-02 -4.76485e-02 -1.02554e-01  1.59517e-01  5.55448e-02
  -4.78067e-03 -9.87232e-02  1.35970e-01 -4.39269e-02 -5.86258e-04
  -7.32832e-02  4.57956e-03  6.35550e-02 -5.03610e-02  5.20364e-03]
 [-3.63438e-02  1.65526e-01  1.49746e-01 -2.85188e-02 -9.97698e-02
   6.99081e-02 -1.56048e-01 -1.43127e-02  3.04411e-02  1.73960e-02
   1.52336e-01  1.60212e-01 -1.00444e-02  2.59525e-02  2.04206e-01
   1.03658e-01 -1.23437e-01 -6.52478e-02 -2.71701e-02 -1.42661e-01
  -7.35086e-02  1.68069e-01 -1.23085e-01  8.45771e-02 -7.48620e-02]
 [ 9.71863e-02  6.51898e-02  4.74215e-02 -1.37503e-01  1.20257e-02
  -1.54404e-02  7.32269e-02  2.52781e-02  1.81822e-02 -2.60576e-02
  -2.06614e-02 -1.32990e-03 -1.26370e-01  2.98917e-02  6.01107e-03
  -1.31009e-01  1.07789e-01 -1.19474e-01  1.00786e-01  1.03066e-01
  -1.36823e-01 -1.74789e-01  2.74684e-03 -1.18901e-01  1.87193e-02]
 [ 1.08705e-01  8.96004e-02 -5.11262e-02 -2.11983e-02  1.23386e-01
   4.61937e-02  1.90207e-01  1.33834e-01 -3.15189e-02  3.01642e-02
   1.71546e-01 -9.93894e-02 -5.84041e-02  1.99823e-01 -2.05981e-02
   2.30704e-02  1.05641e-02 -3.94239e-02  1.48469e-01  3.12408e-02
   3.16555e-01  8.09335e-02 -6.45340e-02  4.92702e-02 -6.75471e-02]
 [ 8.41499e-02  1.05513e-01 -1.50018e-01 -3.47162e-02  3.27877e-02
   6.72314e-02 -7.82558e-02  5.24178e-02  1.45997e-01 -1.55362e-01
   1.36231e-01 -2.21091e-01 -9.04842e-02  2.07175e-02  3.47686e-02
  -5.39161e-03 -1.05770e-01  2.68630e-03  1.42927e-01  7.97750e-02
   2.21386e-01  9.39843e-02 -1.55447e-01  1.74950e-01  9.27715e-02]
 [ 5.99000e-02 -1.46591e-02 -9.40630e-02 -1.02731e-01 -2.04165e-02
   3.32863e-02 -1.28624e-02 -6.19200e-02 -1.87194e-01 -8.42486e-02
  -9.48091e-02 -2.64845e-04 -1.06162e-01  3.77583e-03  6.09456e-02
  -7.05287e-02 -2.34891e-02  1.17474e-01 -3.62479e-02 -5.21636e-02
   1.03042e-01  8.26290e-02  6.30732e-02 -1.37588e-01  9.69307e-02]
 [ 1.65161e-01  3.04506e-01 -1.26606e-01  3.72279e-02 -1.15787e-01
   6.94923e-01  2.14514e-01 -4.76453e-01  1.24603e-01  5.08538e-02
   2.31206e-01 -3.40187e-02 -3.83088e-01  4.24645e-01  8.49340e-01
   7.94930e-02 -1.61874e-01 -8.38953e-03  6.42328e-02 -6.91668e-02
   3.31954e-01  7.29041e-02  3.90514e-02  4.15798e-01 -1.56810e-01]
 [-4.94068e-02 -2.00067e-01  1.30910e-01 -1.24432e-01 -2.62833e-02
   1.76301e-01  1.15663e-01 -9.80922e-02  2.17661e-01  2.31355e-02
  -1.31627e-01  5.60031e-03  2.87843e-02  9.22365e-02 -1.66552e-01
   1.46590e-01 -1.40016e-01 -1.39037e-02  1.03259e-01  6.16212e-02
  -1.88940e-02 -5.70277e-02  5.60795e-02  1.00314e-01 -4.75037e-02]
 [ 7.76598e-02  7.65318e-02 -1.16384e-01 -2.10654e-01 -3.39979e-02
   2.93664e-01  3.77100e-02 -7.30700e-02  3.06272e-02  1.24165e-01
   3.96005e-02 -7.45864e-02 -2.02453e-01  1.89196e-01  2.41991e-01
  -9.76781e-02 -3.37118e-02 -1.11834e-01 -1.34367e-01  1.15982e-01
   1.87358e-01  1.02033e-01  1.41515e-02  1.02065e-01  1.70763e-01]
 [-5.20101e-02  5.66118e-02  1.63964e-01  1.95960e-01  5.18465e-02
   4.39728e-02 -7.25912e-02 -8.68042e-02  1.55220e-02  1.47122e-02
   5.88563e-02  3.28133e-02 -1.40023e-01  1.76692e-02  9.23309e-02
   4.48039e-02  1.45713e-01 -1.52960e-01  1.19929e-01 -1.97079e-03
   1.99184e-01  1.87412e-01  4.97642e-02 -8.72255e-02 -3.72815e-02]
 [ 2.72171e-02 -6.08842e-02  1.59325e-02 -6.74745e-02 -1.06563e-03
  -1.16022e-01  5.89186e-02  6.54892e-02  6.36996e-02 -1.63710e-01
  -6.85987e-02 -7.68749e-02 -7.13383e-02 -7.13587e-02 -8.53270e-02
   1.45916e-01 -1.37120e-02 -1.20589e-01 -3.40904e-02  2.23878e-01
   5.41063e-02 -8.99977e-02 -2.21193e-02 -5.11748e-02  1.45053e-02]
 [-2.09872e-01 -1.45975e-01 -2.27696e-02 -1.60187e-01  8.45296e-03
  -1.02964e-01  2.38313e-02  1.63722e-01 -2.85300e-02 -7.29782e-03
   1.24209e-02  8.89533e-02  4.86784e-04 -1.09942e-01 -5.96514e-03
   5.78627e-02  4.05668e-02  5.78981e-02  1.18084e-01 -3.46611e-02
  -1.34435e-01 -1.08892e-01  3.51245e-02  9.41244e-04 -3.08439e-02]
 [ 1.59350e-01 -9.82820e-02  5.99111e-02 -1.18238e-02  1.61520e-01
  -1.57473e-01  1.29915e-01  3.48573e-02 -1.43969e-01 -5.98144e-02
  -4.56128e-02  1.50836e-01 -7.87464e-02 -4.24037e-03  1.74812e-01
   1.19992e-02 -5.41713e-02 -7.59472e-02 -1.49745e-01  4.41398e-02
   9.14672e-02 -3.59802e-02 -9.93932e-02 -3.59213e-02  1.19479e-02]
 [-2.71864e-02  1.22089e-02 -3.50902e-03 -3.24704e-02  9.62948e-02
  -2.17743e-01 -1.46318e-01  2.26528e-03 -1.40235e-01  1.25731e-01
  -2.46831e-01  5.55577e-02  5.19619e-02  6.70826e-03  2.32695e-02
  -7.31324e-02 -6.58265e-02  1.32417e-01 -3.80585e-02 -1.33376e-01
  -1.71112e-01 -1.51947e-01  2.11430e-02  6.06915e-02 -2.53421e-02]
 [-5.67900e-02 -1.53524e-01  1.08139e-01  8.18373e-02  1.37856e-01
  -1.92869e-02 -1.99734e-01  2.24562e-01 -1.69473e-01  2.89015e-02
   6.48909e-04  6.55985e-02  1.97605e-01 -1.42235e-01 -2.07615e-01
   4.46872e-02 -1.47936e-02  6.49754e-02 -1.20044e-01  3.82967e-02
  -1.04204e-01 -7.98295e-02 -2.28367e-02 -5.42832e-02  3.10671e-02]
 [ 2.04790e-02 -9.36031e-02  3.16020e-02 -1.39543e-01 -3.21257e-02
   3.88630e-02  5.24557e-03  5.27408e-02 -1.08144e-02 -1.46030e-01
  -6.25462e-03 -1.35433e-01 -2.84912e-02  4.85939e-02 -1.76634e-01
  -7.20048e-02  1.44822e-02  7.21446e-03  9.82232e-02 -1.30373e-01
  -8.64429e-02  5.10268e-02 -4.52993e-02 -1.18603e-01 -6.24339e-02]
 [-7.02099e-02 -1.95642e-03  1.41884e-01  2.64480e-02  1.79949e-01
  -8.60343e-02 -2.52669e-01  1.72876e-01 -2.35397e-01 -3.91691e-02
  -7.44378e-02 -1.33752e-01  1.95227e-01 -1.70230e-01 -1.37886e-01
  -6.65332e-02  7.67129e-02 -4.34551e-02  1.21300e-02  2.03318e-02
  -8.08249e-02  5.89267e-03 -4.45204e-02  3.94743e-02  6.62847e-02]
 [-2.02479e-01 -8.32664e-02  1.20997e-01 -3.28642e-02  2.34319e-01
   9.49681e-02  4.22139e-02 -8.99047e-02 -2.65033e-02  6.89327e-03
   7.39173e-02 -1.75859e-02 -7.12210e-02 -4.00586e-02  1.54146e-02
  -6.13228e-02 -2.95831e-02 -6.92298e-02 -1.15439e-01 -1.26020e-02
  -1.93485e-01 -1.41143e-01 -8.51089e-02  4.15713e-02 -7.55470e-02]
 [-1.29577e-01  4.82525e-02 -3.29673e-02  1.15772e-01 -2.23030e-02
  -1.09078e-01 -6.75402e-02  1.57304e-01  1.20369e-01 -1.60108e-02
   5.46497e-02 -1.65005e-01  8.69098e-02  3.94177e-02 -4.99992e-02
  -3.60526e-02  2.13146e-02 -5.76560e-02 -7.61268e-02 -1.04096e-01
   1.36439e-01 -1.02178e-01 -3.31614e-02  3.69898e-02  1.01970e-01]
 [ 2.61154e-02 -3.34956e-01  1.27647e-02 -3.46827e-02 -1.26245e-01
  -3.17250e-01 -3.55009e-01  2.48207e-01 -1.06716e-02 -5.57201e-03
  -2.14017e-01  3.62409e-02  4.72883e-01 -5.69258e-01 -7.65382e-01
  -1.53066e-02  7.08965e-02 -7.25238e-02 -9.83978e-02  1.79568e-01
  -4.42306e-01  6.15164e-02 -1.28415e-01 -2.35032e-01  9.67578e-02]
 [-4.34727e-02 -4.00618e-02  1.06605e-01 -4.73417e-02  3.80492e-02
  -4.94311e-02  1.61349e-01 -3.16651e-01 -1.00909e-01 -7.49695e-02
  -1.97067e-02 -2.52789e-02  5.26729e-02  2.76590e-01  3.06427e-01
   4.73700e-02 -2.99211e-03 -1.96059e-01 -2.68998e-02 -3.27837e-02
   1.39134e-01 -9.72000e-02 -8.97717e-02 -4.54905e-02  4.89419e-02]
 [ 1.44083e-02 -9.79426e-02 -1.67473e-01 -6.24408e-02 -7.32168e-02
  -4.73713e-02 -4.87769e-03  4.44186e-02  6.14558e-02 -7.08559e-02
  -8.81070e-02  1.17969e-01 -8.45366e-02  1.00409e-01  3.97950e-02
   2.40052e-02  1.42111e-01 -2.75353e-02  9.67469e-02  6.26722e-02
   5.14201e-03 -4.74329e-02 -5.45528e-02  9.99525e-02  9.43875e-02]
 [-1.00572e-01 -1.10443e-02 -1.49539e-01  6.91614e-03  2.13078e-01
  -1.86340e-01 -1.06563e-02 -1.21445e-02 -4.90742e-03 -1.13808e-01
  -1.72232e-02 -2.24620e-01 -1.16337e-02 -6.86019e-02 -7.78626e-02
   1.81248e-01 -9.76026e-02 -7.09080e-02 -1.45787e-01  5.01326e-02
  -4.51896e-02 -1.19771e-01  8.47975e-02 -3.52074e-02  1.44695e-01]
 [ 5.08634e-02 -2.21031e-02 -7.35467e-02 -2.12817e-01 -4.87321e-02
   4.87973e-02 -5.65349e-02 -7.33326e-02  2.21686e-03  4.51037e-02
   2.14982e-01 -1.23804e-01 -1.64015e-02 -9.15338e-02 -5.33791e-02
   5.97291e-02 -1.12858e-02 -1.51553e-01  1.00832e-01  1.75262e-01
   3.71057e-02 -1.08253e-01 -1.11913e-01  6.99561e-02 -9.74645e-02]
 [-9.10007e-02 -2.08740e-01  1.87077e-01 -7.83640e-02 -3.72813e-04
  -1.73259e-01 -1.36712e-01 -6.98256e-02  6.91782e-02 -1.02229e-01
   7.34599e-02 -1.55058e-01  1.03260e-01  4.07023e-02 -2.09297e-01
  -1.62974e-02 -4.74229e-02 -1.23640e-01 -8.34417e-02 -1.72568e-01
  -1.10769e-01 -1.68988e-01  4.83579e-02  6.07864e-02  1.31856e-01]]

W2: 
[[-0.15879]
 [-0.43802]
 [ 0.19799]
 [ 0.09024]
 [ 0.19133]
 [-0.71896]
 [-0.29001]
 [ 0.54051]
 [-0.16589]
 [-0.09662]
 [-0.21543]
 [ 0.13576]
 [ 0.54739]
 [-0.54639]
 [-1.01006]
 [-0.0345 ]
 [ 0.1087 ]
 [-0.10484]
 [-0.07035]
 [-0.2417 ]
 [-0.59239]
 [-0.09679]
 [-0.01364]
 [-0.38054]
 [ 0.08913]]

# --- EXPERIMENT COST, ACC. & ERROR HISTORY v2 --- #

cost: 
[0.656   0.54576 0.54535 0.545   0.54467 0.54435 0.54402 0.54371 0.54339
 0.54308 0.54276 0.54245 0.54214 0.54183 0.54152 0.54121 0.5409  0.54059
 0.54027 0.53995 0.53963 0.53931 0.53899 0.53866 0.53833 0.538   0.53767
 0.53734 0.537   0.53667 0.53633 0.53599 0.53565 0.53531 0.53497 0.53463
 0.53429 0.53395 0.5336  0.53326 0.53291 0.53257 0.53222 0.53187 0.53152
 0.53117 0.53081 0.53046 0.5301  0.52974 0.52938 0.52901 0.52865 0.52828
 0.5279  0.52753 0.52715 0.52677 0.52639 0.52601 0.52562 0.52523 0.52483
 0.52444 0.52404 0.52364 0.52323 0.52282 0.52241 0.522   0.52158 0.52116
 0.52074 0.52031 0.51988 0.51945 0.51901 0.51858 0.51814 0.5177  0.51725
 0.51681 0.51636 0.51591 0.51547 0.51502 0.51457 0.51412 0.51367 0.51322
 0.51277 0.51232 0.51187 0.51143 0.51098 0.51054 0.51009 0.50965 0.50921
 0.50877 0.50833 0.50789 0.50745 0.50701 0.50657 0.50614 0.5057  0.50527
 0.50484 0.5044  0.50397 0.50354 0.50311 0.50268 0.50226 0.50183 0.5014
 0.50098 0.50056 0.50013 0.49971 0.49929 0.49887 0.49846 0.49804 0.49762
 0.49721 0.4968  0.49638 0.49597 0.49557 0.49516 0.49475 0.49435 0.49394
 0.49354 0.49314 0.49274 0.49234 0.49194 0.49155 0.49116 0.49076 0.49037
 0.48998 0.4896  0.48921 0.48882 0.48844 0.48806 0.48768 0.4873  0.48692
 0.48654 0.48617 0.4858  0.48542 0.48505 0.48469 0.48432 0.48395 0.48359
 0.48323 0.48286 0.4825  0.48215 0.48179 0.48143 0.48108 0.48073 0.48038
 0.48003 0.47968 0.47933 0.47899 0.47865 0.47831 0.47796 0.47763 0.47729
 0.47695 0.47662 0.47629 0.47596 0.47563 0.4753  0.47497 0.47465 0.47432
 0.474   0.47368 0.47336 0.47304 0.47272 0.47241 0.4721  0.47178 0.47147
 0.47116 0.47086 0.47055 0.47025 0.46994 0.46964 0.46934 0.46904 0.46874
 0.46845 0.46815 0.46786 0.46757 0.46728 0.46698 0.46672 0.46638 0.4662
 0.46571 0.4659  0.46478 0.46701 0.46479 0.48208 0.50973 0.51536 0.60109
 0.46741 0.4942  0.53986 0.48033 0.49615 0.51046 0.56823 0.46538 0.46801
 0.4648  0.48141 0.49825 0.50678 0.55467 0.46699 0.46344 0.47287 0.47505
 0.50389 0.54675 0.47    0.46722 0.4891  0.50961 0.49261 0.51053 0.48883
 0.49732 0.49353 0.50159 0.4902  0.49172 0.49233 0.49208 0.49114 0.48747
 0.4904  0.48487 0.48931 0.48275 0.48838 0.48151 0.48779 0.48093 0.48744
 0.48062 0.48713 0.48026 0.48677 0.47978 0.48636 0.47925 0.48596 0.47874
 0.48557 0.47826 0.4852  0.4778  0.48484 0.47734 0.48448 0.47689 0.48412
 0.47645 0.48377 0.47602 0.48343 0.4756  0.48309 0.47519 0.48275 0.47478
 0.48242 0.47439 0.4821  0.474   0.48178 0.47362 0.48146 0.47324 0.48115
 0.47288 0.48084 0.47251 0.48054 0.47216 0.48024 0.47181 0.47994 0.47146
 0.47965 0.47112 0.47935 0.47078 0.47907 0.47045 0.47878 0.47012 0.4785
 0.46979 0.47822 0.46947 0.47794 0.46915 0.47767 0.46884 0.47739 0.46853
 0.47712 0.46822 0.47685 0.46791 0.47659 0.46761 0.47632 0.46731 0.47606
 0.46701 0.4758  0.46672 0.47554 0.46642 0.47529 0.46613 0.47503 0.46585
 0.47478 0.46556 0.47453 0.46528 0.47428 0.465   0.47403 0.46472 0.47378
 0.46444 0.47354 0.46417 0.4733  0.46389 0.47305 0.46362 0.47281 0.46336
 0.47257 0.46309 0.47234 0.46282 0.4721  0.46256 0.47187 0.4623  0.47163
 0.46204 0.4714  0.46178 0.47117 0.46153 0.47094 0.46127 0.47071 0.46102
 0.47048 0.46077 0.47026 0.46052 0.47003 0.46027 0.46981 0.46002 0.46959
 0.45978 0.46936 0.45954 0.46914 0.45929 0.46893 0.45905 0.46871 0.45881
 0.46849 0.45858 0.46827 0.45834 0.46806 0.45811 0.46785 0.45787 0.46763
 0.45764 0.46742 0.45741 0.46721 0.45718 0.467   0.45695 0.46679 0.45673
 0.46659 0.4565  0.46638 0.45628 0.46617 0.45606 0.46597 0.45583 0.46577
 0.45561 0.46556 0.4554  0.46536 0.45518 0.46516 0.45496 0.46496 0.45475
 0.46476 0.45453 0.46457 0.45432 0.46437 0.45411 0.46417 0.4539  0.46398
 0.45369 0.46378 0.45348 0.46359 0.45327 0.4634  0.45307 0.46321 0.45286
 0.46302 0.45266 0.46283 0.45246 0.46264 0.45225 0.46245 0.45205 0.46226
 0.45186 0.46208 0.45166 0.46189 0.45146 0.46171 0.45126 0.46152 0.45107
 0.46134 0.45088 0.46116 0.45068 0.46098 0.45049 0.4608  0.4503  0.46062
 0.45011 0.46044 0.44992 0.46026 0.44973 0.46009 0.44955 0.45991 0.44936
 0.45974 0.44918 0.45956 0.44899 0.45939]

accuracy: 
[0. 0. 0. 0. 0. 0. 0. 0. 0. 0. 0. 0. 0. 0. 0. 0. 0. 0. 0. 0. 0. 0. 0. 0.
 0. 0. 0. 0. 0. 0. 0. 0. 0. 0. 0. 0. 0. 0. 0. 0. 0. 0. 0. 0. 0. 0. 0. 0.
 0. 0. 0. 0. 0. 0. 0. 0. 0. 0. 0. 0. 0. 0. 0. 0. 0. 0. 0. 0. 0. 0. 0. 0.
 0. 0. 0. 0. 0. 0. 0. 0. 0. 0. 0. 0. 0. 0. 0. 0. 0. 0. 0. 0. 0. 0. 0. 0.
 0. 0. 0. 0. 0. 0. 0. 0. 0. 0. 0. 0. 0. 0. 0. 0. 0. 0. 0. 0. 0. 0. 0. 0.
 0. 0. 0. 0. 0. 0. 0. 0. 0. 0. 0. 0. 0. 0. 0. 0. 0. 0. 0. 0. 0. 0. 0. 0.
 0. 0. 0. 0. 0. 0. 0. 0. 0. 0. 0. 0. 0. 0. 0. 0. 0. 0. 0. 0. 0. 0. 0. 0.
 0. 0. 0. 0. 0. 0. 0. 0. 0. 0. 0. 0. 0. 0. 0. 0. 0. 0. 0. 0. 0. 0. 0. 0.
 0. 0. 0. 0. 0. 0. 0. 0. 0. 0. 0. 0. 0. 0. 0. 0. 0. 0. 0. 0. 0. 0. 0. 0.
 0. 0. 0. 0. 0. 0. 0. 0. 0. 0. 0. 0. 0. 0. 0. 0. 0. 0. 0. 0. 0. 0. 0. 0.
 0. 0. 0. 0. 0. 0. 0. 0. 0. 0. 0. 0. 0. 0. 0. 0. 0. 0. 0. 0. 0. 0. 0. 0.
 0. 0. 0. 0. 0. 0. 0. 0. 0. 0. 0. 0. 0. 0. 0. 0. 0. 0. 0. 0. 0. 0. 0. 0.
 0. 0. 0. 0. 0. 0. 0. 0. 0. 0. 0. 0. 0. 0. 0. 0. 0. 0. 0. 0. 0. 0. 0. 0.
 0. 0. 0. 0. 0. 0. 0. 0. 0. 0. 0. 0. 0. 0. 0. 0. 0. 0. 0. 0. 0. 0. 0. 0.
 0. 0. 0. 0. 0. 0. 0. 0. 0. 0. 0. 0. 0. 0. 0. 0. 0. 0. 0. 0. 0. 0. 0. 0.
 0. 0. 0. 0. 0. 0. 0. 0. 0. 0. 0. 0. 0. 0. 0. 0. 0. 0. 0. 0. 0. 0. 0. 0.
 0. 0. 0. 0. 0. 0. 0. 0. 0. 0. 0. 0. 0. 0. 0. 0. 0. 0. 0. 0. 0. 0. 0. 0.
 0. 0. 0. 0. 0. 0. 0. 0. 0. 0. 0. 0. 0. 0. 0. 0. 0. 0. 0. 0. 0. 0. 0. 0.
 0. 0. 0. 0. 0. 0. 0. 0. 0. 0. 0. 0. 0. 0. 0. 0. 0. 0. 0. 0. 0. 0. 0. 0.
 0. 0. 0. 0. 0. 0. 0. 0. 0. 0. 0. 0. 0. 0. 0. 0. 0. 0. 0. 0. 0. 0. 0. 0.
 0. 0. 0. 0. 0. 0. 0. 0. 0. 0. 0. 0. 0. 0. 0. 0. 0. 0. 0. 0.]

error: 
[157.59272 122.72137 122.62262 122.53784 122.45581 122.37482 122.29456
 122.21496 122.13594 122.05742 121.97929 121.90144 121.82375 121.7461
 121.66837 121.59046 121.51226 121.43368 121.35466 121.27513 121.19506
 121.07471 120.97405 120.873   120.85206 120.77059 121.1479  120.98461
 121.0012  120.85804 120.75504 120.93148 121.14668 120.98209 121.03728
 120.89219 120.8874  121.08116 121.21514 121.02837 120.98219 120.81622
 120.5911  120.36644 120.58142 120.81584 120.86866 120.58135 120.37536
 120.1296  120.12416 119.8787  119.5939  119.34964 119.12591 119.06231
 119.05796 119.11276 118.98685 118.88092 118.83467 118.6678  118.58026
 118.61159 118.46212 118.27226 118.1221  117.9516  117.84025 117.66829
 117.69565 117.48235 117.32851 117.17432 116.97986 117.06461 116.86867
 116.65277 116.65656 116.55942 116.46196 116.22483 116.12764 115.93029
 115.97256 115.77498 115.61787 115.40115 115.38468 115.2085  115.01301
 114.87799 114.90338 114.76835 114.61386 114.43982 114.28627 114.37259
 114.15906 113.867   113.73573 113.74453 113.75316 113.64199 113.47109
 113.32064 113.17065 113.08077 112.97092 112.86109 112.77134 112.62178
 112.4926  112.32374 112.11562 111.96822 111.86111 111.75413 111.62746
 111.6012  111.43555 111.29035 111.32547 111.2005  111.09581 110.8716
 110.74823 110.62511 110.54223 110.37963 110.23759 110.05605 109.9551
 110.03395 109.91284 109.81213 109.6521  109.53227 109.37299 109.2542
 109.11592 109.01799 108.71996 108.5824  108.46519 108.34857 108.23214
 108.1361  108.06037 107.96479 107.82975 107.71517 107.62085 107.44693
 107.35353 107.22048 107.08788 106.9559  106.86436 106.79298 106.66181
 106.55111 106.46068 106.35064 106.26085 106.11142 106.04247 105.9338
 105.80549 105.73754 105.62978 105.54242 105.47528 105.4083  105.30165
 105.21535 105.1493  105.02367 104.95833 104.89324 104.80851 104.74403
 104.6798  104.61605 104.55262 104.42956 104.36695 104.26463 104.18264
 104.12097 103.83958 103.75847 103.6377  103.55743 103.45759 103.37805
 103.29887 103.25995 103.20131 103.14289 103.04491 102.96723 102.8899
 102.81289 102.71623 102.6399  102.58398 102.5083  102.43323 102.35794
 102.28412 102.22866 102.15803 102.07864 102.01855 101.98026 101.86469
 101.86649 101.55677 102.08688 102.8714  106.02874 132.37225 116.02701
 161.5     103.97353 109.5856  159.81238 105.59158 120.59787 114.55522
 161.5     101.89612 102.4169  103.1494  105.92309 122.84488 113.44623
 161.5     102.19198 102.67776 103.52865 107.22932 112.79769 161.33963
 102.62718 104.46356 108.32139 133.05171 109.17633 133.84808 107.9734
 123.30336 109.54196 126.7998  108.47419 118.64832 109.14327 118.85741
 108.75485 114.29548 108.56886 112.07585 108.1916  110.5843  107.88263
 109.91523 107.93431 109.78177 107.83773 109.73225 107.7681  109.46541
 107.66516 109.17898 107.5728  109.05635 107.44046 108.73915 107.33254
 108.61209 107.24815 108.49136 107.16509 108.39287 107.04291 108.27591
 106.92172 108.18153 106.86174 108.07061 106.80292 107.96326 106.72523
 107.85907 106.64879 107.75763 106.59317 107.65871 106.53834 107.58224
 106.44458 107.48816 106.37177 107.39631 106.29998 107.30653 106.24888
 107.21866 106.17844 107.13258 106.06896 107.04818 105.98055 106.98545
 105.91294 106.90422 105.84592 106.82438 105.77971 106.76591 105.71408
 106.6887  105.64908 106.61267 105.60453 106.53776 105.56039 106.46391
 105.51663 106.39107 105.43344 106.31919 105.39073 106.24823 105.30865
 106.19823 105.20725 106.14923 105.14642 106.08124 105.04624 106.01403
 105.00655 105.94758 104.94717 105.88186 104.88821 105.81685 104.82969
 105.7928  104.79144 105.72946 104.75344 105.66676 104.69571 105.60469
 104.59854 105.54323 104.5618  105.48237 104.46558 105.42208 104.40974
 105.36236 104.35423 105.3032  104.31901 105.24457 104.2641  105.18648
 104.18967 105.14891 104.11564 105.0919  104.04205 105.03539 103.98879
 104.97937 103.91587 104.94387 103.8634  104.88884 103.79129 104.83429
 103.71956 104.7802  103.66823 104.72656 103.59733 104.67338 103.52692
 104.62065 103.47669 104.56835 103.44676 104.51649 103.37709 104.46506
 103.32781 104.41405 103.27868 104.36347 103.22983 104.3133  103.18125
 104.26355 103.15292 104.2142  103.12472 104.16526 103.03691 104.11672
 102.98939 104.06858 102.96207 104.02084 102.895   103.97348 102.82831
 103.92652 102.80181 103.87994 102.75552 103.83375 102.7095  103.78794
 102.62383 103.7425  102.59845 103.69745 102.57319 103.65276 102.46821
 103.60845 102.44362 103.56451 102.41913 103.52094 102.35486 103.47773
 102.29102 103.43489 102.24747 103.39241 102.16432 103.35029 102.06178
 103.30853 102.03949 103.26712 101.97752 103.22607 101.91585 103.18538
 101.89439 103.14503 101.87303 103.10504 101.79189 103.06539 101.73124
 103.02609 101.71077 102.98713 101.6306  102.94852 101.59071 102.91025
 101.55098 102.87232 101.49161 102.83473 101.43249 102.79747 101.3937
 102.76055 101.35508 102.72396 101.3166  102.6677  101.29831 102.63182
 101.2801  102.59627 101.26196 102.56104 101.18415 102.52613 101.16649
 102.49154 101.12895 102.45727 101.07163 102.42332 101.01456 102.38968
 100.99766 102.35636 100.98083]