# --- APTitude Experimental Analytics Report (v10-looser-classification-bounds) --- #

# --- EXPERIMENT HYPERPARAMETERS --- #
epochs: 50000
alpha: 0.0001
lamb: 0.001
train_size: 0.9
threshold: 7000
l1: 25
b: 0.6

# --- LEARNED MODEL PARAMETERS --- #

W1: 
[[ 1.05574e-01  2.97732e-01  4.50235e-01  7.63195e-02 -3.77000e-01
   2.09220e-02  4.19683e-02  2.01101e-01 -5.50897e-02  2.27894e-02
   4.57312e-02  1.65941e-01  3.05498e-01 -2.28743e-01 -1.44378e-01
  -4.02363e-01 -1.73420e-01 -1.57861e-01  1.69346e-01 -5.97590e-02
  -2.24523e-02 -1.42165e-01 -1.27580e-01  1.76743e-01  1.07533e-01]
 [ 2.38181e-03 -3.68865e-01  1.71822e-01  1.52962e-01  2.62699e-01
   3.42200e-01  1.88655e-01  9.65423e-02 -5.27692e-02 -1.38350e-02
   2.15623e-03  2.01028e-02 -4.06428e-01  4.78282e-02  1.61627e-01
   6.69972e-02  1.03361e-01  2.87352e-01 -1.99272e-02  1.25935e-01
  -2.55820e-01  2.20670e-02 -2.28810e-01  2.46009e-02  1.01559e-01]
 [ 5.79255e-02  3.38308e-01 -1.02930e+00  1.47102e-02 -4.03553e-01
  -6.75985e-01  1.96944e-01 -1.15492e-01  1.06350e-01 -6.19181e-02
   5.45180e-02 -8.02255e-02  8.85378e-01  1.08913e-02 -2.42227e-02
  -3.11816e-01 -2.08133e-01 -7.19424e-02 -1.79212e-01  9.64669e-02
   6.17687e-03  7.80136e-02  1.71492e-01 -1.46141e-01 -1.15534e-01]
 [ 7.16130e-02 -2.68267e-01  4.31617e-01 -4.63384e-03 -1.31441e-01
   8.19759e-01  9.14266e-02  1.69750e-01  2.02671e-02  4.61754e-02
  -1.08051e-02  4.34551e-02  4.85423e-01  9.01188e-02  8.01372e-02
   7.26317e-02  1.06273e-01  3.12510e-02 -1.62452e-04  1.68911e-01
  -2.20913e-02 -1.60669e-02  2.92002e-01 -2.92411e-02  1.84992e-01]
 [ 1.41455e-01  1.30364e-02 -2.03377e-01  1.41082e-01 -7.88357e-03
  -3.63467e-01  2.30182e-02  2.87729e-03  6.15041e-02  1.65665e-03
  -1.54178e-01 -1.01638e-01 -6.47256e-01  5.10507e-02  1.54884e-01
   9.58496e-02  8.73917e-02 -1.91522e-02  5.09095e-02 -2.34762e-02
   1.21649e-01  1.73542e-01 -6.55237e-02  4.85951e-02  4.86410e-02]
 [ 1.49326e-01 -5.28759e-02  2.05768e-01 -3.79301e-02  1.90858e-01
   3.12435e-02 -1.04389e-01  1.65531e-01 -4.05523e-02  2.88092e-02
   1.21702e-01  1.54223e-02 -2.32133e-01  1.41323e-01  2.22843e-01
   1.36129e-02 -9.40274e-02 -1.66991e-02  1.89545e-01  1.12290e-01
  -1.06245e-01  1.34682e-01 -7.43317e-01 -5.92531e-02  3.26277e-02]
 [-1.18201e-01 -4.11819e-01  6.75622e-01  6.78007e-02 -8.95239e-03
   4.41578e-02 -6.66945e-02  8.94764e-02  1.69715e-01 -4.54179e-03
   8.00530e-03 -1.12400e-02  4.56606e-02 -1.61766e-02  1.41597e-01
  -1.04167e-01  4.85087e-02  3.97472e-02 -7.94062e-02  1.66174e-01
   1.33911e-01 -5.76673e-03 -2.80130e-01 -2.70143e-01 -8.79335e-02]
 [ 1.55405e-01 -1.53522e-01  1.53506e-01  2.43763e-01  2.22449e-02
   5.87684e-01  8.72978e-02 -7.53486e-02 -1.07755e-01  7.92658e-02
   2.18105e-02  1.46113e-01 -3.70374e-01  5.37921e-02  1.82478e-02
   1.76736e-01  8.38325e-02 -6.80591e-02  9.00171e-03  3.91238e-03
  -3.90397e-02 -1.13258e-01 -1.97212e-01 -1.72989e-01 -2.90032e-01]
 [-6.50288e-02 -4.14552e-01  3.34803e-01  4.46777e-02  6.00380e-01
   2.64163e-01  9.58648e-02 -1.07343e-01  2.02660e-03  1.28689e-01
   3.50502e-02 -3.64698e-03 -2.66055e-01 -9.33640e-02  7.78967e-02
   1.72648e-01 -6.71068e-02  1.53868e-01 -8.90132e-02  1.14100e-01
  -4.19054e-02  3.05043e-01 -3.10009e-01  5.64940e-03  1.89259e-01]
 [-1.06845e-01  9.29305e-02  2.65844e+00  6.16049e-02  5.42028e-01
  -3.74977e+00  5.06845e-02 -1.17500e-01 -8.61323e-02  2.51317e-01
   2.90886e-01  4.40569e-02 -7.02999e-02 -1.15405e-01 -1.26185e-02
   2.09815e-01 -4.57964e-02 -4.47135e-01 -2.37985e-01 -5.11789e-02
   7.18713e-02  1.74713e-01  1.51778e-01 -1.43883e-01  2.08947e-01]
 [-5.62977e-02 -2.53883e-01  3.91878e-01 -2.66080e-01  5.45557e-01
   4.00235e-01  3.40068e-02 -1.72180e-01 -1.68910e-01  1.18408e-01
   1.34699e-01 -2.55934e-02 -1.87362e-02 -2.34657e-01  8.01761e-02
   2.06155e-01  4.81262e-02  4.89483e-02 -1.67940e-01  6.67428e-02
  -1.92196e-01 -2.69892e-02 -6.74234e-02 -4.61452e-02  9.84251e-02]
 [-2.90859e-01 -1.09660e-01  5.25229e-02  2.22383e-02 -4.17518e-01
   5.82442e-01 -4.56948e-02  2.78480e-03 -7.82153e-02 -1.42154e-01
  -7.50551e-02  4.20555e-02 -9.26224e-01  1.74448e-01 -6.69953e-02
   9.85109e-03  9.71337e-02  8.79900e-02  7.50099e-02  2.20276e-02
   1.06819e-01  4.00098e-02  1.24161e-01  7.14515e-02 -3.35722e-02]
 [-6.22557e-02 -3.46228e-01  1.91830e-01 -1.38882e-02 -3.48828e-02
   5.04433e-01 -9.07246e-02  1.00241e-01 -6.28742e-02  7.70236e-02
  -1.66148e-01  1.45689e-01 -9.22643e-02  2.39137e-01  2.86023e-02
   7.84818e-02 -4.94834e-02  4.81748e-02  8.59109e-03  1.22828e-01
   2.52382e-01 -1.49764e-01 -3.46060e-01  1.71424e-02 -6.35483e-02]
 [-1.41165e-01 -2.36387e-01  2.97568e-01 -1.07773e-02 -1.68618e-01
   9.07785e-01  1.54219e-01  2.37498e-02  1.19964e-01  1.81427e-01
   1.62478e-01 -8.54413e-02 -1.53071e-01 -1.32381e-01  5.60922e-02
   4.07561e-01  2.01309e-01  6.83163e-02 -1.80704e-01  1.39240e-01
  -1.51483e-01 -3.54244e-02 -3.12995e-01  8.00374e-02  8.34186e-02]
 [-7.88664e-03 -6.83184e-03  9.15700e-01  5.15323e-02  1.73691e-01
  -1.70816e-01 -5.01055e-02 -3.70252e-02  4.00162e-02 -1.80759e-01
  -1.24756e-01  1.01760e-01 -2.01124e-01  9.73994e-02 -1.06375e-01
   1.37679e-01 -2.45845e-02  5.89488e-02  5.48785e-02 -1.13777e-01
   1.27232e-01  1.54180e-01 -5.13965e-01 -2.88561e-02 -1.50078e-02]
 [-1.64158e-01 -7.91085e-02  2.31591e-01  3.87204e-03  1.60524e-01
   1.21600e-02  1.37791e-03 -7.54316e-02 -9.97374e-02  8.38426e-02
  -7.94797e-02  5.59426e-03 -1.75563e-01 -5.65408e-02  1.66380e-01
   4.31405e-02  4.05328e-02 -5.57762e-02 -8.53570e-02  2.19491e-01
   3.98774e-02 -2.15818e-01 -1.86476e-01 -1.86047e-01  3.44709e-02]
 [-1.22247e-01  1.39016e-02  3.26071e-01  1.38919e-01 -1.82253e-01
  -1.47720e-01  8.02716e-02  2.30955e-01  1.43225e-01  8.67282e-02
  -3.83429e-02  2.85744e-01 -2.29331e-01  1.00981e-01  7.83063e-02
   2.72694e-02  3.47028e-02 -5.41001e-02  3.86646e-02  3.02738e-02
   5.71232e-02 -3.73320e-02 -4.04713e-01 -4.59703e-02 -9.32789e-03]
 [-1.44399e-01 -6.65301e-02  5.64656e-03  2.28878e-01  2.55386e-01
   2.24510e-01  1.18284e-01 -1.64139e-01 -2.22128e-02 -1.07566e-01
  -1.28395e-01 -6.33896e-02 -1.61321e-01 -1.11547e-01 -5.97776e-02
  -3.07532e-02  6.61609e-02 -1.74004e-01 -2.88942e-02  5.82416e-02
  -2.85500e-02  3.99238e-02 -1.40213e-01  8.79100e-02  8.52419e-02]
 [ 3.51801e-02 -4.08078e-01  3.59905e-01  1.32337e-01  4.92666e-01
   3.14474e-01 -1.48619e-01 -5.68455e-02 -9.12907e-02  2.43171e-01
  -3.77288e-02 -1.50791e-01 -2.90652e-01 -9.34323e-02 -6.83145e-02
   7.93341e-02 -8.34554e-02  1.32415e-01 -1.25717e-01  5.30053e-02
  -1.15900e-01  1.60338e-01 -2.35983e-01 -1.57174e-02  2.32954e-01]
 [ 3.61051e-02 -4.97448e-01  5.95319e-01  2.41761e-02  3.70406e-01
   5.86159e-01  6.05646e-02 -9.36929e-03 -1.71601e-02 -4.84245e-02
  -1.55541e-01  9.82094e-02 -1.87556e-01 -1.76491e-01  1.67545e-01
   1.27483e-01 -4.18404e-02  4.01678e-02 -8.07072e-02 -2.05935e-02
   7.14952e-03  2.85530e-01 -2.92227e-01 -3.74396e-02  1.19799e-01]
 [-1.87823e-02 -1.79308e-01  2.12134e-01  9.13797e-02  1.08275e-01
   2.56466e-01  7.26424e-02  1.28550e-02  3.34274e-02 -3.21473e-02
   5.73778e-02  1.55696e-02  5.04677e-02  1.10000e-01  1.63184e-01
   1.52211e-01 -3.91707e-02 -1.40188e-01 -6.31941e-02 -8.33361e-02
   5.44978e-02 -9.02081e-02 -4.66915e-02  4.91607e-02 -2.95528e-02]
 [-2.15665e-02  9.42229e-02  1.61563e+00 -2.64212e-02  3.63288e-01
   5.78617e-01  6.97752e-02 -8.31443e-02  2.72127e-01 -7.28965e-02
   5.49300e-02  3.56681e-02 -1.49222e+00  9.81040e-02 -1.43204e-01
  -6.76108e-02 -2.45174e-02  1.97524e-01 -5.91818e-02  3.54302e-02
  -9.43175e-03  1.05712e-01 -1.31133e+00  4.48067e-02  6.31251e-02]
 [-8.06035e-02 -3.86728e-02 -5.59861e-01  2.48171e-02 -3.22556e-01
  -5.51531e-01  3.71722e-03 -6.96269e-02 -2.44465e-02  7.73547e-02
  -1.76748e-01 -9.89698e-03 -1.07527e-01  6.55804e-02 -6.68122e-02
  -6.70843e-02  1.11984e-01 -7.16910e-02  6.85334e-02  1.87463e-02
  -6.69400e-03 -2.73929e-01  3.26855e-01  1.11848e-01 -5.13836e-02]
 [-1.90010e-02 -3.91995e-01  4.51670e-01  1.61412e-02  2.40791e-01
   9.14093e-01  8.41433e-02 -1.12247e-01  1.44815e-01 -2.94647e-02
  -1.77068e-02 -1.33987e-01 -5.20476e-01  9.63406e-02  1.49955e-01
  -4.73704e-02 -1.81879e-01  1.75869e-01  1.63458e-02  9.05026e-02
  -7.20156e-02  4.25662e-02 -6.42785e-01  5.22304e-02  1.09938e-01]
 [-1.56496e-01  2.05586e-01  6.91782e-01 -7.05333e-02  2.58300e-01
  -1.67372e-01 -2.76722e-02  3.82914e-04  2.70551e-02  8.06353e-02
  -9.79210e-02  9.44779e-02 -2.21037e-01  2.10417e-01 -2.81995e-01
   2.18195e-01 -5.49967e-02  7.68230e-02 -1.13561e-01 -3.06505e-02
  -2.39513e-02  4.05520e-02 -3.08414e-01 -3.53432e-02  7.82068e-02]
 [-1.69497e-01  2.11571e-01  2.90090e-01  3.94007e-03 -3.74090e-01
  -1.34752e-01  3.72743e-02  7.36087e-02 -8.33912e-03 -1.00268e-01
   7.95228e-02  1.41296e-01 -2.13591e-01  1.15420e-01 -1.58475e-01
  -3.03842e-01 -3.18413e-03 -1.53038e-01  7.61953e-02  1.24498e-01
   1.88208e-01 -1.87557e-01 -1.84052e-01  1.44176e-02 -1.26233e-01]
 [-7.15767e-02  3.43129e-01 -4.60620e-01  2.75759e-02 -4.20504e-01
  -8.33969e-01  2.99072e-01  1.51292e-01  5.89237e-02 -1.38355e-01
  -3.54664e-01  2.52416e-01  5.21231e-01  1.07115e-01 -7.24766e-02
  -3.72792e-01 -1.86110e-01 -9.88293e-02  3.56115e-01  1.07101e-01
   1.93518e-01 -3.75600e-01  3.32013e-01 -1.26324e-01 -1.30770e-01]
 [ 3.47162e-02  5.52107e-01  7.03642e-01 -9.15193e-02 -1.20261e-02
  -2.18191e-01  1.69592e-01 -4.81531e-02  6.99400e-02  8.61280e-02
   1.39351e-01 -3.12157e-01 -1.57077e-01 -2.77931e-01 -4.88444e-02
  -1.05782e-01  3.71888e-02 -7.85051e-02 -2.50255e-01  1.52615e-01
  -3.70751e-02  2.60170e-01 -4.11828e-01  5.45127e-03  1.63198e-01]
 [ 1.39832e-03  2.03588e-01  3.49581e-01 -4.89025e-02 -2.66847e-01
  -4.57136e-01 -1.53104e-01  6.91376e-02  1.75272e-01 -3.15663e-01
  -1.25626e-02  9.27503e-03 -1.53071e-01  1.32793e-01 -9.94050e-02
  -1.86451e-01  5.33843e-02 -1.51136e-01  1.38797e-01 -2.16788e-01
   7.19223e-02 -3.48494e-01 -3.55719e-01 -2.63469e-01 -2.85056e-01]
 [-9.62079e-02  1.64003e+00 -1.34445e-01  5.57809e-02 -4.07370e-03
   9.34888e-01  2.24380e-01 -3.65900e-03 -9.79530e-02 -5.88221e-03
   6.50670e-02 -2.97064e-02  1.03673e-01 -3.38082e-02 -1.00162e-01
  -2.96305e-01 -4.99435e-02 -1.25548e-02  8.97725e-02 -7.05821e-02
  -4.17292e-02 -7.60165e-02  1.90670e+00 -5.77177e-02  3.38565e-02]
 [-1.74479e-01  4.26634e-01 -1.60159e+00 -3.87278e-02 -3.58177e-01
  -1.06820e+00 -5.36293e-02 -4.03092e-02 -1.18596e-01 -3.52935e-02
  -4.16903e-03 -9.13409e-02  1.26830e+00  1.04819e-01 -2.12370e-01
  -2.50402e-01 -2.32677e-01  2.61839e-03  2.00347e-01 -1.43364e-01
   1.19070e-01  9.97804e-03  8.15725e-01 -3.84830e-02 -7.13280e-02]
 [-1.34333e-02  2.41330e-01 -9.21731e-01  7.53204e-02  8.02067e-02
  -6.43023e-01  2.19102e-02 -1.48845e-01  2.12689e-02  6.17924e-02
   8.80933e-02 -1.19832e-02  4.67128e-01  3.44587e-02 -5.76679e-02
   5.30311e-02 -1.59837e-01 -2.42125e-01 -1.27640e-01  7.24206e-02
  -3.10821e-02  3.37572e-01 -9.97862e-02  1.72960e-01 -1.84568e-01]
 [-1.51594e-01 -2.83601e-01 -9.02683e-03  1.43471e-02 -7.74945e-01
   2.36056e-01  5.30868e-02  5.38597e-02  1.21933e-01 -9.21937e-02
  -8.55256e-02  5.39467e-03 -1.33110e-01  1.37854e-01 -5.01558e-01
  -7.26305e-02 -5.06208e-02 -1.91153e-01  2.70051e-01 -1.67257e-02
  -3.08756e-02 -4.67509e-01 -2.30787e-01  1.20284e-01 -1.79946e-01]
 [ 6.07980e-02  3.80355e-01 -1.59511e+00 -1.19743e-01 -1.33876e-01
  -9.52464e-01  6.71091e-02 -1.76663e-01 -2.03032e-01  1.49859e-01
   1.42924e-01 -1.88589e-01  6.36619e-01 -3.29455e-01 -8.10506e-02
   5.10601e-02  1.17243e-01  1.53711e-01 -2.03072e-01  1.48283e-01
   2.63362e-01  7.39858e-02  6.01034e-01 -5.20114e-02  2.10190e-01]
 [-9.09958e-02  1.59194e-01 -1.02866e+00 -4.11641e-03  4.41430e-02
  -4.06772e-01  2.17131e-02 -5.22653e-02 -2.16744e-01 -3.81377e-01
   9.76582e-03 -1.06101e-01  6.93486e-01  9.37997e-03 -2.40282e-01
   1.63841e-01  1.43807e-01 -6.66496e-02  9.91464e-02 -2.93692e-02
  -1.92552e-01 -1.12591e-01  5.38251e-01 -7.14310e-02 -5.49370e-02]
 [ 4.65497e-02 -5.60163e-02  3.72818e-01 -2.36087e-02 -1.03360e-03
   1.49628e-01 -3.04093e-02  1.78608e-01  1.07708e-01 -1.13493e-01
   1.13607e-01  7.23761e-02 -6.82592e-01 -1.09251e-02 -9.78414e-02
  -2.78190e-02  1.52968e-02 -9.21668e-02  3.98254e-02  1.90889e-01
   8.97829e-02  1.26591e-01 -3.91379e-01 -7.03330e-02 -7.15515e-02]
 [-9.03956e-03 -3.84957e-01  6.89414e-01 -1.44590e-01  1.12250e-01
   2.77927e-01 -2.48984e-02  2.90900e-02 -1.38971e-02  8.22971e-02
   7.87446e-02 -9.28362e-04 -4.18984e-01 -2.55865e-01  1.45716e-01
  -8.13675e-02  4.59968e-02  1.03096e-01 -5.46735e-02 -1.24790e-01
  -1.74778e-01 -1.46196e-02 -3.15783e-01  6.62801e-02  5.81352e-03]
 [-1.32648e-01  2.09985e-02  7.21667e-02 -2.37650e-02 -4.07154e-01
  -3.15519e-01  5.46927e-02  9.17064e-02  8.00755e-02 -2.44107e-01
  -2.23880e-01 -8.92330e-02  1.09127e-01 -6.46414e-02 -3.18907e-02
  -1.19508e-01 -1.92667e-01 -1.13738e-01  3.25621e-01  2.45395e-02
   1.38565e-01 -4.20710e-01 -6.89816e-02 -2.73119e-02 -3.66644e-01]
 [-2.09733e-01 -6.12310e-02 -5.46664e-02  5.06321e-02 -3.09274e-02
   6.77813e-02 -3.49406e-02 -3.98890e-02 -2.21262e-01  1.78483e-02
   7.33137e-02 -7.03687e-02  1.50131e-01 -7.90488e-02  2.66023e-02
   2.71029e-01 -3.67122e-02 -6.11614e-03 -8.61726e-02 -4.38395e-03
   3.52695e-02  2.40272e-02  6.29626e-02 -8.66710e-03  5.88130e-02]
 [ 7.68884e-02  5.19048e-01 -1.65005e+00  9.68888e-03 -5.01147e-01
  -1.21023e+00 -4.28561e-02  1.17498e-01 -1.08102e-02 -1.55495e-02
   3.49646e-02 -6.49612e-02  1.09397e+00 -7.44523e-02 -2.77662e-01
  -4.48854e-01  2.26380e-02  7.33389e-02  2.27788e-01  8.52272e-02
   2.82310e-02 -1.51852e-01  6.63645e-01 -1.84615e-01 -1.38765e-01]]

W2: 
[[ 0.08068]
 [ 2.14919]
 [-4.7111 ]
 [ 0.31331]
 [-1.80279]
 [-4.79365]
 [ 0.40664]
 [ 0.4279 ]
 [ 0.35185]
 [-0.52342]
 [-0.34289]
 [ 0.53422]
 [ 2.79329]
 [ 0.51333]
 [-0.59344]
 [-0.90943]
 [-0.23256]
 [-0.50539]
 [ 0.89303]
 [ 0.26073]
 [ 0.56732]
 [-0.92788]
 [ 2.7255 ]
 [-0.17712]
 [-0.68449]]

# --- EXPERIMENT COST, ACC. & ERROR HISTORY --- #

cost: 
[0.68339 0.65279 0.62774 ... 0.24068 0.24068 0.24067]

accuracy: 
[ 0.       0.       0.      ... 12.45136 12.45136 12.45136]

error: 
[129.  129.  129.  ...  69.5  69.5  69.5]