# --- APTitude Experimental Analytics Report (v8-higher-training-ratio) --- #

# --- EXPERIMENT HYPERPARAMETERS --- #
epochs: 50000
alpha: 0.0001
lamb: 0.001
train_size: 0.99
threshold: 7000
l1: 25
b: 0.8

# --- LEARNED MODEL PARAMETERS --- #

W1: 
[[-5.87033e-03 -1.17387e-01  5.71488e-02  2.84795e-01  5.17809e-01
   7.75458e-02 -2.19682e-01 -1.21818e-01  9.71185e-02  5.01957e-02
   1.92071e-01 -5.82270e-02 -1.14086e-01 -1.54309e-01  2.67594e-01
   1.03876e-02 -4.81572e-02  9.20714e-02 -1.89580e-02 -3.83220e-02
  -2.28173e-01 -1.64091e-01 -1.34755e-01  2.92634e-02 -9.02140e-03]
 [-3.92647e-02  7.61673e-02  5.32671e-02 -1.97467e-01  2.35632e-01
  -7.14785e-02  5.68224e-01 -1.62511e-02  5.87126e-02 -2.90084e-01
  -9.47247e-02  2.50693e-01 -8.77800e-04  5.99409e-01 -2.48677e-01
   1.25749e-01 -5.33301e-02 -3.92514e-02  1.07151e-01 -9.34659e-02
   2.52749e-01  8.90056e-02  2.61834e-01  5.11430e-02 -1.83464e-01]
 [-2.51154e-02 -1.58941e-01 -6.40991e-02  1.12739e-01 -4.49994e-01
  -4.82067e-01 -1.14352e+00 -8.49989e-02  1.04480e-01 -1.13340e-01
   9.03453e-01  1.16968e-01 -1.14618e-01 -5.19051e-01 -1.33490e-01
  -1.45430e-02 -1.04324e-01 -1.62395e-02  8.83332e-03 -1.49409e-02
  -1.79317e-01 -6.25209e-02 -1.99823e-01  3.01125e-02  1.52347e-01]
 [ 8.39526e-03 -3.54149e-01  1.38806e-01 -2.46757e-01  1.73082e-01
   3.82790e-02  2.25058e-01  1.01471e-01  4.28242e-02  9.70906e-02
  -4.19338e-01 -9.87624e-02 -8.67143e-03  4.81888e-01  2.50005e-01
   7.42911e-03  5.27710e-02  1.24175e-01  3.65356e-01 -4.58287e-02
  -1.99907e-01  4.22973e-03  2.46402e-01 -4.45931e-02  1.19683e-01]
 [-1.43169e-01  2.26915e-01  4.77170e-02  6.44278e-02  1.44864e-02
   6.33995e-01  5.97868e-02  1.50658e-01 -6.35287e-02  1.09070e-01
   9.37871e-02  6.01617e-02  4.92360e-02 -2.92268e-01  4.26780e-02
  -7.07117e-02 -9.75619e-02 -3.24643e-01 -1.77011e-01  6.66209e-02
   3.87591e-02 -8.65242e-02  3.61798e-02  6.41412e-02 -5.48921e-02]
 [ 4.00442e-02  1.56961e-02 -1.04567e-01  4.38585e-02  5.45630e-01
   1.22452e-01  2.04792e-01 -4.62115e-02 -6.08001e-02  1.66451e-01
  -2.53311e-01 -7.07760e-03  1.90526e-01  1.88989e-01  4.94228e-02
   3.45063e-02  3.47963e-02 -1.56943e-01 -1.76403e-02 -3.50748e-02
   2.09866e-02 -9.89612e-02  5.43028e-02  6.52646e-02 -1.61752e-02]
 [ 3.95818e-02 -4.32621e-02  1.64677e-02  1.74503e-01  3.41937e-01
   1.37826e-01  4.69752e-01  4.56150e-02  1.43344e-01  1.28419e-01
   2.66503e-01 -2.22486e-01 -6.12877e-02 -1.36422e-01  6.43549e-02
  -1.02260e-01  1.38385e-01  1.15576e-01 -1.52245e-01  6.35392e-02
  -1.23974e-02 -1.13724e-01  2.68357e-02 -7.20501e-02  1.53582e-01]
 [-1.98740e-01  1.43329e-01  5.36827e-02 -2.67367e-01  3.36005e-01
  -4.55034e-02  3.28260e-01  1.60763e-01 -1.70382e-02  1.06601e-01
   5.11709e-01  1.68196e-01 -6.75809e-02  4.50249e-01  9.84919e-02
   1.51205e-02  8.58355e-02  9.14759e-03 -1.76067e-01  2.17378e-02
   1.41498e-01 -8.30097e-02  6.27793e-03 -1.33515e-01  1.87476e-01]
 [ 1.81168e-02  3.63578e-02 -4.68631e-02 -2.91026e-01  2.67525e-01
   3.41025e-01  4.85436e-01 -3.81497e-02 -1.06847e-02 -4.27594e-02
  -1.64625e-01  8.62031e-02 -2.00510e-01  4.71440e-01  1.43928e-01
   6.08751e-02  1.45491e-02  1.77990e-02  2.47466e-02 -5.90601e-02
  -1.33375e-01 -3.70123e-02  6.29965e-02 -5.90234e-02  5.23968e-02]
 [ 2.48525e-02  3.02047e-02  5.68241e-02  2.23767e-01 -2.00007e-01
  -1.06610e-01  7.82386e-01 -6.25372e-02 -6.16538e-01  7.57474e-02
  -2.93593e+00 -9.09378e-02  1.45871e-01 -3.86927e+00 -1.02653e-01
  -2.56494e-01 -4.49744e-02  1.26038e-01 -4.25676e-01  1.27158e-01
  -6.58724e-02 -2.31991e-01 -5.11041e-01  1.86966e-02 -7.45672e-02]
 [-1.27907e-01  2.89332e-01 -3.08785e-02 -2.71148e-01  2.95030e-01
   1.06232e-01  1.14755e+00  3.51968e-02  1.30545e-02  7.61226e-02
  -1.88978e-01  2.40926e-01  3.33975e-01  7.08526e-01 -2.45605e-01
  -6.69308e-03  2.65513e-01 -1.38507e-01 -1.34163e-01 -4.43246e-02
   3.75245e-01  1.48030e-02  1.28213e-01  1.68042e-01  3.37019e-02]
 [ 1.00659e-01 -3.78297e-03  1.57940e-01 -8.50591e-02 -5.85153e-02
   1.35115e-01  9.87195e-01  9.50891e-02  3.48257e-02  3.08777e-02
  -2.19127e-01 -2.83120e-03  4.86685e-02  5.63048e-01  2.21484e-01
  -6.15291e-02 -1.53337e-02 -1.00354e-01  8.56819e-02 -8.21055e-03
   6.06970e-03  7.91132e-02  9.98348e-02 -2.02810e-02  9.76656e-02]
 [ 7.07694e-02  5.65715e-02  4.96838e-03 -4.41153e-01  2.40951e-01
   1.86301e-01  5.73733e-01  1.31468e-01  4.45446e-02  1.70785e-02
  -3.12736e-01  9.06007e-02 -5.81444e-02  2.33990e-01 -1.90049e-02
   6.79274e-04 -1.97935e-02  9.74483e-02 -3.20244e-02  7.29929e-02
   6.48991e-02  7.71000e-02  1.19629e-01 -1.44482e-01  1.98924e-02]
 [ 1.24471e-01 -7.34057e-02  1.75415e-01 -2.77702e-01  1.97021e-01
   1.88649e-01  1.20680e-01 -4.99685e-03  3.00811e-01  6.85872e-02
  -1.48126e-01  8.41054e-02 -1.04162e-01  1.49791e-01  1.17409e-01
   4.12353e-02  1.56968e-04  2.81236e-01  2.01472e-01 -3.17399e-02
   5.86703e-02  1.58052e-02  7.87691e-02 -9.07257e-02  1.74010e-01]
 [ 1.24355e-01 -1.20288e-01 -1.23103e-01  8.28068e-02  5.90373e-01
   4.26126e-01 -1.90125e-01  1.26405e-01  5.10762e-02 -5.40886e-02
  -8.01696e-01  2.78532e-02 -4.46524e-02 -2.05008e-01 -7.38824e-02
  -1.26126e-01 -2.09390e-01  9.15047e-02  6.44096e-02 -1.59617e-01
   3.22323e-02  6.66925e-02 -6.63111e-02  3.57433e-02 -1.13513e-01]
 [ 4.24074e-02  1.16824e-01  6.90061e-02  3.74477e-02  2.80561e-01
   2.63711e-01 -1.08646e-01 -1.43486e-01  2.51395e-02 -1.44304e-01
  -1.85367e-01  1.65203e-01  1.38036e-01  3.33684e-01  4.06930e-02
   2.49957e-02 -1.60945e-02  1.30583e-02  2.33622e-01  1.41338e-01
   2.17047e-02 -5.98303e-02 -1.30216e-01 -2.58208e-01  1.10178e-01]
 [ 1.35626e-01 -1.13649e-01 -5.13619e-02 -1.40629e-02  3.56929e-01
   2.66845e-01  2.57598e-01  1.50701e-01 -7.67342e-02  9.56631e-02
  -3.35539e-01  1.54293e-01 -1.26900e-01  1.17765e-01  5.43567e-03
   7.29953e-02 -8.52220e-02  7.81310e-02 -1.37500e-01  3.60094e-02
   1.71406e-01  4.65922e-02 -1.57386e-01  1.03504e-01 -2.92544e-02]
 [-7.47497e-02  2.09841e-01 -4.37616e-02  1.40035e-02  1.85398e-01
   1.87270e-01  1.24185e-01  2.28734e-01  2.24751e-01 -1.08205e-01
  -1.88542e-01 -4.29848e-03 -5.27081e-02  2.55323e-02 -1.01039e-02
  -2.68336e-02  8.79673e-02 -7.91056e-02  1.31023e-01 -5.44598e-02
   7.98573e-02  1.26237e-01 -1.04007e-01 -2.04988e-01 -7.49844e-02]
 [ 1.78664e-02  3.83622e-01  1.69004e-01 -4.07198e-01  2.62367e-01
   3.15987e-01  1.34826e-01 -1.08649e-01 -6.78220e-02 -7.36101e-02
  -3.19809e-01  2.54424e-01 -9.55539e-02  7.98474e-02 -2.08338e-01
  -9.69854e-03  1.63391e-02 -2.49139e-02 -1.92400e-01  1.65861e-03
   2.65638e-01 -2.44270e-02  2.03278e-01 -5.45180e-02 -1.40529e-01]
 [-3.64136e-02 -3.66722e-02 -3.64864e-02 -4.54284e-01  2.80779e-01
   2.41909e-01  5.82947e-01 -2.15718e-01 -9.17153e-02 -9.83375e-02
  -3.49564e-01  5.52926e-02  5.59842e-02  6.91584e-01 -5.56229e-02
   6.64612e-02  2.76683e-01 -2.69156e-01 -1.14288e-01 -4.95659e-02
   1.44956e-01  6.82186e-02  2.85175e-01  5.49644e-02 -1.98671e-01]
 [-1.44495e-01  3.15481e-01 -1.30049e-01 -2.88717e-01  1.12519e-01
   1.59448e-01  5.99810e-01 -1.07290e-01  8.87831e-02 -8.88246e-02
  -1.39812e-01  1.26975e-01  3.29045e-01  3.53084e-01 -9.44889e-02
   3.12584e-02  2.10647e-01 -2.52934e-02  1.30735e-01 -4.71476e-02
   8.24880e-02 -3.03348e-02  1.37911e-01  7.09142e-02 -1.34580e-01]
 [-6.47338e-02  1.74303e-04  8.12776e-02  7.60845e-03  1.01959e+00
   9.26713e-01  8.93466e-01 -7.97001e-02 -6.31489e-02  1.30825e-02
  -1.24410e+00  2.85314e-02  1.99231e-01  1.07154e+00 -6.06748e-02
   8.04155e-02  3.30100e-01 -3.09120e-02 -8.57481e-02  7.08334e-02
   1.61943e-01 -5.45976e-02  9.08287e-02 -1.33651e-01  1.74080e-01]
 [ 8.49331e-02 -1.67839e-01  2.41932e-03 -6.04584e-02 -2.05820e-01
  -2.00425e-01 -5.06784e-01  3.86608e-02  1.29311e-01  2.75432e-01
   6.31137e-01  2.84172e-02 -1.62021e-01 -2.38446e-01  1.11701e-01
  -5.01262e-02 -1.39215e-01 -1.02228e-02  1.22992e-01 -9.77980e-03
  -2.07709e-01 -6.02208e-02 -1.52035e-01  5.80394e-03  9.89303e-02]
 [-4.77917e-02 -7.72340e-03  9.85422e-02 -2.36981e-01  3.26019e-01
   1.30502e-01  8.06455e-01  1.04230e-01 -1.64847e-01 -2.27571e-02
  -5.62590e-01 -1.45563e-01  1.92632e-01  7.84899e-01  6.30533e-03
  -8.30997e-02 -9.50714e-02 -1.43313e-01  1.01502e-01  1.56818e-01
   3.44124e-02 -4.00188e-02  2.48258e-01  1.16166e-02  3.38567e-02]
 [-6.31793e-02  2.66532e-01 -6.58318e-02 -2.76302e-01  3.71582e-01
   3.19778e-01  6.43865e-02  2.04298e-02 -3.67144e-02 -1.04507e-01
  -5.35146e-01  1.78371e-01  2.67036e-01  5.82236e-01 -7.49622e-02
  -1.82776e-01 -1.48890e-01  1.11661e-01 -2.46606e-01  6.11988e-02
  -2.59954e-03  7.84254e-02 -1.82684e-01 -4.61297e-02 -6.76870e-02]
 [ 2.87249e-01 -2.20228e-01 -5.55528e-02  1.36765e-01  2.52450e-01
   3.39798e-01 -8.56026e-01  8.01594e-04  3.06452e-01  2.41781e-03
  -5.53483e-01  1.92208e-01  5.89103e-02  2.69112e-02  8.52159e-03
  -3.15422e-01 -1.84280e-01  9.16001e-02  7.53472e-02 -2.12868e-01
  -1.91281e-01  2.46346e-02  5.36082e-03  1.17929e-01  3.85890e-02]
 [ 1.43393e-01 -2.54965e-01 -8.59221e-02  8.09783e-02 -2.62787e-02
  -1.06535e-01 -7.15046e-01  3.30819e-02  4.87746e-02  3.21924e-02
  -1.16205e-01 -5.27001e-02  4.34507e-02 -7.25920e-01  1.84101e-01
   7.51489e-02 -1.60480e-01  5.29218e-02  2.93644e-01 -1.20732e-01
  -1.27887e-01 -3.31000e-01 -1.54427e-01 -1.54917e-01 -1.07260e-02]
 [-9.03226e-02  6.54586e-02 -1.65637e-02 -1.09578e-01  3.11959e-01
   4.06315e-01 -8.71942e-02  2.56712e-02 -9.38997e-02 -8.46638e-03
  -4.71842e-01 -3.71933e-01  5.80873e-02  3.73496e-01 -1.38957e-01
  -1.79421e-02 -7.36010e-02 -2.54379e-01 -5.37341e-02 -1.22738e-01
  -7.68929e-03 -9.74778e-02 -1.83431e-04 -6.53710e-02 -1.07831e-01]
 [ 1.76856e-01  6.10395e-02  4.54408e-02 -1.88415e-01  2.42707e-01
   2.80085e-02 -5.43061e-01 -1.00332e-01 -1.32670e-02 -5.84058e-02
  -2.38994e-01 -6.62061e-02 -2.96176e-02 -2.76179e-02 -3.83799e-02
  -1.45563e-01  1.11357e-01  8.95935e-02 -7.19091e-02 -1.53570e-01
  -2.03497e-02 -9.55241e-03  4.61346e-02 -1.49563e-01  7.51499e-03]
 [-1.49594e-01 -1.84207e-01  7.31421e-02  2.40815e+00 -2.19732e+00
  -1.28977e-01 -5.22497e-02 -1.43273e-02  1.64023e-01 -1.06204e-01
   7.68754e-02  6.41916e-02 -1.60441e-01  9.79150e-01  4.34190e-02
   6.61645e-03 -8.98044e-02 -5.62063e-02  1.89212e-01  2.80830e-02
  -5.73089e-02 -2.20291e-02 -1.52068e-02  1.97416e-01  1.27608e-01]
 [-6.42381e-02 -1.18907e-01 -1.19052e-01  3.00310e-01 -6.58962e-01
  -5.56270e-01 -1.46162e+00  1.79377e-01 -5.78225e-02  2.64874e-02
   1.43693e+00 -2.36783e-01 -5.03331e-02 -1.15949e+00 -1.61675e-02
  -1.09963e-01 -1.01022e-01 -1.40653e-01 -2.84224e-01 -4.94090e-03
  -5.10939e-02  8.64457e-02 -4.63099e-01  2.68897e-01 -2.36579e-01]
 [-1.29843e-01  4.42718e-01 -2.15882e-03 -2.71094e-01 -3.03381e-01
  -2.93592e-01 -5.32585e-01  1.15215e-01 -4.62351e-01 -6.99600e-02
   1.01109e+00  1.78952e-02  2.22639e-02 -6.09417e-01 -3.61049e-02
  -1.59615e-01 -2.09319e-02 -2.02989e-02 -5.17426e-01 -1.18782e-01
   2.32080e-01  9.84764e-02  2.75361e-02  9.81362e-02 -9.82295e-02]
 [ 1.18010e-01 -5.93455e-02  5.98435e-02 -3.12700e-01  2.93822e-01
   7.30129e-02 -4.13049e-01  1.49296e-01  4.23797e-01 -1.11840e-03
  -2.08602e-01  2.55768e-01  2.66079e-02  2.02910e-01  1.83911e-01
   2.20060e-02 -6.38191e-01  6.48545e-02  5.36348e-01  1.18677e-01
  -4.91439e-02  1.14940e-01 -1.71182e-01 -1.79210e-02  2.59168e-01]
 [ 4.68376e-02 -1.62619e-01 -2.24301e-02  3.36154e-01 -5.28349e-01
  -4.68556e-01 -1.38210e+00  1.02003e-01 -9.78990e-02  1.84052e-01
   1.18759e+00  7.10582e-03  1.31060e-01 -8.64218e-01  7.63140e-03
   1.29392e-03 -1.20960e-01  1.98617e-01  1.59881e-01 -3.17448e-02
  -2.58699e-01  4.12544e-02 -9.54060e-02 -1.16834e-03  1.89754e-01]
 [-6.71271e-02 -2.01801e-01  2.45504e-02  1.27977e-01 -2.48182e-01
  -6.10323e-01 -6.69872e-01 -1.79662e-01  7.30266e-02 -1.51571e-01
   8.86707e-01  4.50467e-02  5.52125e-02 -5.09837e-01  9.20958e-02
   1.61123e-02 -1.34416e-01 -1.11023e-01 -1.28941e-01 -3.93181e-02
  -1.08985e-01 -2.03574e-01 -2.40864e-01 -1.82285e-01 -1.09745e-01]
 [-3.92174e-02 -1.63080e-01  6.44924e-02  4.13139e-01  1.70277e-01
   1.37658e-01 -1.98031e-01  2.94542e-02  2.07023e-01 -7.53618e-02
  -4.36827e-01  5.60756e-02 -2.24492e-01 -9.07172e-02 -5.32916e-02
  -5.11991e-02  1.76269e-01  9.70655e-02  1.73875e-01 -9.06575e-03
  -2.32451e-01 -1.59315e-01  2.67469e-03 -5.76132e-02 -4.09961e-02]
 [ 5.52470e-02  3.99923e-02 -1.89544e-02 -1.08371e-01  3.76397e-01
   2.67691e-01  2.30610e-01  7.88813e-02 -2.81975e-01  5.34669e-02
  -6.64507e-01  2.48458e-01  1.24939e-01  5.39325e-01 -1.17185e-02
  -2.07785e-01  4.04885e-02  1.78588e-02 -1.46464e-04 -5.69332e-02
   2.16040e-03  2.26297e-01 -1.37510e-01  1.74995e-01  6.68735e-03]
 [-2.71306e-02  6.11049e-02  6.85690e-02  1.70219e-01  1.14526e-01
  -2.06577e-02  3.38551e-02  8.40515e-02  1.78211e-01 -7.92231e-02
   7.90477e-02 -1.83139e-01 -1.07530e-01  7.88640e-02 -6.02721e-02
  -6.10884e-02 -8.75958e-02 -1.81251e-01 -2.71938e-02 -9.75691e-02
  -5.12754e-02  1.84963e-02 -1.84194e-01 -9.14899e-02  2.50430e-02]
 [-8.96664e-02  3.32140e-01 -1.65839e-02 -1.29249e-01 -1.36582e-01
  -3.82424e-01  1.68936e-01 -1.14753e-01 -5.05154e-02 -8.30860e-02
   1.38934e-01 -8.00916e-04 -3.16814e-02 -6.95850e-02 -8.22058e-02
  -1.20779e-01  6.71453e-04 -3.29448e-02 -7.37284e-02  4.42104e-02
   2.66392e-01 -2.27569e-02 -2.84243e-02  2.59270e-02  2.33537e-02]
 [-8.35157e-02 -2.26532e-01  1.01707e-01  2.61494e-01 -5.98423e-01
  -5.05439e-01 -1.55948e+00 -9.88966e-02 -9.72368e-02  3.71782e-02
   1.09630e+00  2.57507e-02 -1.26324e-01 -1.38339e+00  5.81810e-02
   5.14456e-02 -1.21156e-01  3.32933e-01  1.82849e-01 -1.45331e-01
  -1.49964e-01  1.03302e-01 -2.91381e-01 -4.55895e-02 -6.61114e-03]]

W2: 
[[ 0.46789]
 [-0.91601]
 [ 0.305  ]
 [ 2.38572]
 [-2.48062]
 [-1.59345]
 [-3.94561]
 [ 0.37668]
 [ 0.98011]
 [ 0.15772]
 [ 4.39371]
 [ 0.32125]
 [-0.37455]
 [-4.97939]
 [ 0.60588]
 [-0.09761]
 [-0.65034]
 [ 0.60125]
 [ 1.1508 ]
 [-0.17395]
 [-0.67909]
 [-0.18399]
 [-0.8188 ]
 [-0.07506]
 [ 0.47727]]

# --- EXPERIMENT COST, ACC. & ERROR HISTORY --- #

cost: 
[0.59272 0.57657 0.56347 ... 0.26142 0.26142 0.26142]

accuracy: 
[0.      0.      0.      ... 4.52937 4.52937 4.52937]

error: 
[140.5 140.5 140.5 ... 109.5 109.5 109.5]