# --- APTitude Experimental Analytics Report (v6-higher-sequence-threshold) --- #

# --- EXPERIMENT HYPERPARAMETERS --- #
epochs: 50000
alpha: 0.0001
lamb: 0.001
train_size: 0.9
threshold: 9000
l1: 25
b: 0.8

# --- LEARNED MODEL PARAMETERS --- #

W1: 
[[ 1.44670e-01  2.03844e-03  1.86473e-01  2.48424e-01 -1.98529e-01
  -2.77490e-01 -2.46411e-01 -2.25970e-02 -2.08840e-02  1.37721e-01
  -7.96369e-02 -8.40070e-02 -5.81109e-02  3.88939e-02  8.57181e-02
   3.57547e-02 -1.43692e-01 -1.06418e-02 -9.17507e-02 -4.85561e-02
   2.50205e-01  3.54045e-01  1.31890e-01 -1.31214e-01 -1.70525e-01]
 [-4.69815e-03  4.56760e-02  1.54567e-04 -4.73434e-02  1.10450e-01
   3.29854e-01 -5.69092e-02  3.51243e-02  4.33862e-02  1.44499e-03
  -3.48946e-02  4.18943e-02 -1.01006e-01  1.44384e-01  5.76156e-02
  -9.45059e-02  1.64228e-01  3.67228e-02  2.80897e-02  3.48505e-01
  -1.15050e-01 -3.27511e-01  7.38347e-02  1.39336e-01  3.07065e-01]
 [ 9.17564e-02 -7.99193e-02 -5.63635e-02  2.43363e-02 -6.43200e-01
  -9.48326e-01 -4.12859e-02  1.30224e-01  4.37178e-02 -1.41575e-02
   6.53357e-02 -1.26939e-01 -1.01390e-01 -1.81271e-01 -1.81580e-02
   2.40488e-01 -7.00497e-01 -1.17943e-01 -3.29688e-01 -4.04336e-01
   5.92684e-02  6.41586e-01 -1.29043e-01  2.28322e-01 -3.86354e-01]
 [-3.87513e-02  8.90204e-02  1.53971e-01  1.34945e-01  1.32805e-01
   1.54232e-01 -8.38246e-02 -7.31741e-02 -9.59816e-02  1.00830e-01
  -1.60420e-01  1.24977e-01 -3.38967e-02 -4.47088e-03 -2.93644e-02
   1.18506e-01  1.52918e-01  2.47001e-01  1.24610e-01 -3.53670e-01
  -1.16710e-01 -1.59056e-01 -2.45303e-02  2.95238e-02 -3.85183e-01]
 [-4.50030e-02  1.74260e-01  6.62532e-02 -3.22664e-02 -5.43027e-01
  -1.16684e-01  2.69368e-01  2.90274e-02  2.72098e-02 -4.77191e-03
   1.03905e-01  5.82445e-02 -2.64981e-02  6.97631e-02 -8.38247e-02
  -1.68470e-01  2.39234e-01 -1.83625e-01 -5.98321e-03  2.20917e-01
  -2.92539e-01 -1.64830e-01  1.01930e-01  2.36405e-02  1.03250e-01]
 [ 3.29154e-02 -2.13604e-01 -8.19994e-02 -1.16300e-01  3.78164e-01
   7.72735e-02 -4.35294e-02  2.04162e-01 -9.20542e-02  1.82245e-01
  -2.09991e-01  6.20191e-02  1.37207e-01 -1.03452e-01 -9.40157e-02
  -2.04955e-01  1.36816e-01 -1.64430e-01  1.99236e-02  1.53155e-01
  -1.70235e-01 -2.27538e-01  1.94904e-02  5.85719e-02 -7.36312e-03]
 [ 2.26858e-02  2.85692e-02 -1.73929e-01  1.22690e-01 -2.97275e-01
  -3.03576e-01 -1.93865e-01 -1.26444e-01  1.76577e-02  7.44657e-03
   8.66679e-02  6.48413e-02 -5.29337e-03  1.68685e-02 -6.59305e-02
   1.74019e-01 -1.44770e-01  9.74166e-02 -9.80995e-02  1.44213e-01
   2.97369e-02  3.82631e-01 -5.39759e-03 -4.60662e-02 -2.11154e-01]
 [-1.13091e-02  1.06574e-01 -2.29290e-02 -1.37084e-02  4.55457e-01
   3.67756e-01 -4.51135e-03 -1.60099e-01 -2.52897e-02  2.04904e-02
  -7.79908e-02  8.24901e-02 -1.62774e-01 -1.21888e-01  5.49650e-02
  -1.84439e-01 -2.43343e-01 -2.48067e-02  1.90339e-02  6.02438e-02
  -9.22776e-02 -3.27473e-01 -4.64152e-02 -3.03897e-02  5.91865e-02]
 [ 9.86249e-02 -2.61698e-02 -1.34647e-01 -1.28405e-01  5.09710e-01
   6.08974e-02 -1.03277e-02 -1.62027e-01 -4.39546e-02 -1.52245e-01
  -1.29746e-03  1.33537e-01 -7.53352e-03 -4.78381e-02  1.23621e-01
  -8.79058e-02  4.61088e-01 -1.32251e-01  1.44568e-01  1.73688e-01
  -1.55801e-01 -1.39750e-01  2.54730e-01  1.52070e-01  1.86436e-01]
 [ 8.64029e-02  1.48933e-01 -4.10667e-01 -1.66598e-01 -3.50950e+00
   2.50515e+00  3.05628e-01 -2.99958e-01 -9.84441e-02 -1.24315e-01
  -4.06268e-02 -2.70295e-02  5.08418e-02 -1.21075e-01  4.83400e-02
  -8.15971e-01 -2.95130e-02  3.04634e-02 -2.28330e-01 -1.08614e+00
  -7.52763e-02  2.15974e-02 -1.33355e-01 -4.49502e-02  2.09408e+00]
 [ 7.63537e-02 -6.55952e-02  8.36414e-03  1.97519e-02  3.11038e-01
   1.12206e-01 -2.83519e-02  1.43689e-01 -4.34733e-02 -7.08685e-02
   1.91142e-01 -2.01569e-01 -5.53142e-02 -4.51918e-02  3.22740e-03
  -1.30668e-02  1.45891e-01 -2.34218e-01  2.89436e-02  7.73709e-02
  -2.49886e-01 -2.45005e-01 -7.64322e-02  1.07022e-01  8.29198e-02]
 [-3.79260e-03 -5.57357e-02  4.30379e-02  3.97101e-02  6.29007e-01
   6.57611e-01 -9.28424e-02  1.08294e-02  8.09764e-02  7.08724e-02
   9.15411e-02  2.55498e-01 -4.45418e-02 -1.30894e-01  1.01712e-01
  -2.68587e-01  4.78120e-01  2.18681e-02 -1.74866e-01 -3.29461e-02
  -1.96042e-01 -5.65980e-01 -3.61030e-02 -4.71063e-02  4.14053e-02]
 [ 1.11439e-01  1.84209e-01 -4.32357e-02  1.69652e-02  3.07727e-01
   2.21901e-01 -1.34010e-01 -7.42560e-02  3.64568e-02  1.80032e-01
  -3.51483e-02 -1.18287e-01 -8.91226e-02  4.64543e-02 -4.28130e-02
   1.47699e-01  1.93356e-01 -1.27475e-01 -1.94514e-01  2.57674e-01
  -1.95040e-01 -2.68773e-01  7.51933e-02  4.46490e-02  2.07761e-01]
 [-5.23858e-02  1.33998e-02 -7.09574e-03 -1.38540e-01  4.59036e-01
   7.46171e-02  9.88745e-02  1.23700e-01 -1.24269e-01 -4.82045e-02
  -1.29555e-01  1.54137e-01 -4.42479e-02  1.44970e-01 -1.53046e-01
  -3.75821e-03  9.43226e-02  6.23759e-02  3.20219e-02  2.48617e-01
  -1.50301e-01 -2.23227e-01 -3.17318e-02  1.38108e-01  1.20546e-01]
 [-5.77796e-02 -1.30821e-01 -5.05669e-02 -3.73075e-02  2.57662e-01
  -5.94314e-02 -1.45797e-02  1.13373e-01  4.91511e-02 -2.68986e-02
   2.25287e-01 -2.39613e-02  2.24543e-01 -9.75387e-02 -2.89545e-01
  -2.68528e-01  4.96438e-01 -5.17396e-02 -4.83156e-02  1.75380e-01
  -2.58819e-01 -2.85663e-01  2.23577e-01  1.37777e-01 -2.12653e-02]
 [-5.47829e-02  1.63990e-01 -5.55205e-02 -9.40782e-02  2.25288e-01
  -5.92521e-02  6.39862e-04 -1.22033e-01 -1.04913e-01  6.05489e-02
  -4.93857e-02 -5.01363e-02 -9.94104e-02  1.11742e-01 -6.11286e-02
   1.12882e-01  1.58254e-01 -6.80405e-02  7.15457e-02  1.36578e-01
  -1.94738e-01 -1.33125e-01 -8.84926e-02  1.08475e-01  1.25061e-01]
 [ 1.18788e-01 -3.10991e-03 -7.82212e-02  5.92704e-02  1.13859e-01
   6.99099e-02  5.54973e-03 -7.03799e-03 -1.09130e-02  9.96622e-02
  -4.02572e-02  4.01468e-02  8.78687e-02 -8.51670e-02  2.05191e-01
  -5.71422e-02  4.28531e-01 -1.49368e-01 -1.25155e-01  2.91110e-01
  -3.29093e-01 -4.59171e-01  4.20638e-02  1.28121e-01  1.64320e-01]
 [ 1.56978e-01 -1.03776e-01 -9.42145e-02  3.98640e-03  1.92646e-01
  -3.65981e-02  7.13504e-02  9.82161e-02 -1.18650e-01  7.05361e-02
  -6.40302e-02 -1.08074e-01  1.11744e-01 -1.00333e-01 -4.20247e-02
  -6.26490e-03  3.58098e-01 -8.98225e-02 -9.70129e-02  9.42773e-02
  -2.05311e-02 -1.80088e-01 -6.82235e-02 -8.94597e-02 -9.26495e-02]
 [ 3.42786e-02 -8.28707e-02  6.38528e-02 -8.20155e-02  2.53762e-01
  -2.23252e-02  4.32954e-03  6.00604e-02  5.50747e-02 -1.99298e-01
   8.11165e-02 -6.24023e-02  1.27185e-01  9.46649e-02  1.96517e-02
   1.00146e-01  1.91591e-01 -1.69950e-01  4.75953e-02  2.67998e-01
  -1.56904e-01 -2.89577e-01  2.43267e-02  1.44926e-01  4.25216e-03]
 [-1.23115e-01  2.15104e-02 -5.08972e-02 -6.17984e-02  6.02756e-01
   1.81426e-01 -1.18924e-01 -8.34036e-02  3.77474e-02  4.37701e-02
  -1.56356e-02  1.10494e-02  1.22753e-01  2.75085e-02 -1.19619e-01
  -1.45079e-01  2.80677e-01 -2.63613e-01  4.94664e-03  1.83446e-01
  -2.48810e-01 -4.23714e-01  1.21257e-01  2.13672e-01  1.68086e-01]
 [ 2.54535e-02 -1.14097e-01 -5.82878e-02 -1.66389e-01  6.67206e-01
  -9.40664e-02  8.64532e-02  8.75220e-02  2.50275e-01  1.09345e-01
  -5.75605e-02  2.86153e-02 -6.52562e-02 -7.02868e-02 -8.91318e-02
   7.35803e-02  1.34878e-01 -4.00846e-02  4.99282e-02 -8.27198e-02
  -1.07311e-01 -1.82085e-01 -9.09299e-02  6.20195e-02 -2.28350e-01]
 [ 5.30847e-02  2.48218e-01 -4.50323e-02 -3.33443e-01  1.25649e+00
   1.16502e+00  3.34682e-01  4.26578e-01  2.22003e-01 -1.70342e-02
  -1.25429e-01 -4.28863e-03  3.22708e-02 -9.68690e-02 -5.11603e-02
  -3.17095e-01  1.24342e+00 -2.53499e-01 -1.43373e-01  8.69726e-01
  -7.52736e-01 -1.04271e+00  2.59099e-01  9.54863e-02  7.68367e-01]
 [-1.70057e-01 -7.74969e-02  6.28452e-02  1.43603e-01  4.30620e-01
   4.12625e-01  8.56053e-02 -2.52367e-02  9.53037e-02  1.30586e-01
  -7.91280e-02 -1.42397e-01 -6.61874e-02  1.55628e-01  5.18463e-02
  -1.61307e-02  2.76054e-01 -3.16285e-03  5.01429e-03  9.75871e-02
  -3.25050e-01 -4.00498e-01  4.47339e-03  9.50483e-02  1.66787e-02]
 [ 1.81408e-01  3.11677e-02 -3.52225e-02  1.94003e-02  5.81492e-01
   4.89581e-01  1.47158e-01 -6.42455e-02 -1.83966e-01  1.11459e-01
  -5.02396e-02  4.96996e-02  1.51691e-01 -1.74077e-01 -2.93811e-02
  -5.45998e-02  3.02300e-01 -1.28294e-01 -2.59029e-02  2.87161e-01
  -1.55208e-01 -3.80697e-01  4.71198e-02  4.00929e-03  3.97231e-01]
 [-2.74257e-02  9.41915e-02 -9.87506e-02 -7.00161e-02  1.93490e-01
  -2.41127e-02  5.14304e-02  2.43662e-02 -9.08774e-02 -9.94371e-02
  -1.02564e-02  6.12073e-02 -6.68054e-02  3.59539e-02 -3.45761e-02
   1.61366e-02  4.35017e-01  1.25836e-02  5.95701e-02  3.85661e-01
  -2.57034e-01 -2.99248e-01  1.24178e-01  6.13764e-03  1.44303e-01]
 [ 1.31468e-01 -1.24970e-01  2.35045e-02 -1.17329e-01 -3.73797e-02
  -2.82361e-01  8.98292e-02 -4.83988e-02 -5.94640e-02  7.88479e-02
  -1.53060e-01  1.85935e-01  2.05904e-02 -1.04677e-01  5.47033e-02
  -1.78616e-02  2.64006e-01 -2.94684e-02 -9.58759e-02  1.18401e-01
  -9.73142e-02 -2.10618e-01 -1.81730e-02  9.30666e-02 -2.78991e-02]
 [-1.30165e-02 -2.86274e-01 -5.63821e-02  1.85375e-03 -5.92093e-01
  -6.07703e-01  4.48495e-02  4.57158e-02  4.31185e-02 -1.54992e-01
  -7.40583e-02  5.72099e-02 -5.19951e-02 -1.14264e-01  1.18727e-01
   3.63572e-01 -8.75105e-04  4.94347e-02 -2.24663e-01 -1.74493e-01
   2.64270e-01  2.98394e-01 -5.28013e-02 -2.56928e-02 -4.05469e-01]
 [-3.57724e-02  1.51370e-02  1.87239e-02  1.57483e-01 -1.52278e-01
  -1.76359e-01  2.44007e-02  2.92523e-02  1.10608e-01  1.09559e-03
   8.37410e-02 -4.27040e-02 -8.60665e-02  7.66338e-02  3.22677e-02
   5.99497e-02  2.73739e-01  4.36178e-02 -5.88194e-02  3.86956e-01
  -2.37247e-01 -1.93191e-01 -5.75540e-02  1.10005e-01 -3.10257e-01]
 [ 6.36104e-04  1.15353e-01  1.03503e-01  2.50078e-02  2.21212e-02
  -2.79981e-02  1.49599e-02 -8.10480e-02 -9.05069e-02 -8.19263e-02
   7.61249e-02 -9.46366e-02 -6.77686e-02 -1.22257e-01  1.01518e-01
   9.91241e-02  6.51441e-02 -9.72221e-03  5.61571e-02  1.75512e-01
  -2.17211e-02 -1.95281e-02 -6.71697e-03  3.35714e-02 -9.14098e-02]
 [-3.05366e-02 -5.51997e-02  2.76707e-02  2.13207e-01  6.18863e-01
   2.70943e-01 -6.86569e-03 -2.34844e-02 -8.45098e-04 -1.23618e-02
  -8.20832e-02  4.54938e-02 -4.69736e-02  6.94059e-02 -1.89940e-01
   4.08869e-02 -6.15338e-02  5.70639e-03  1.29420e-02  1.50868e-01
   8.11613e-01  2.15681e+00  9.09277e-02 -1.17875e-01 -3.83086e-01]
 [-5.38022e-02 -1.68171e-01 -8.06514e-02  5.05572e-02 -1.26587e+00
  -1.03097e+00 -1.14275e-01 -1.94754e-01 -2.26036e-01  1.16483e-02
  -1.73598e-01  1.28189e-01 -2.71251e-02  1.84937e-01 -1.11706e-01
   5.01708e-01 -1.01857e+00  5.00033e-01 -1.27839e-01 -5.76459e-01
   5.25162e-01  8.86500e-01 -2.45481e-01  1.63953e-01 -4.54585e-01]
 [-1.60842e-02  8.01993e-02  4.34818e-02  1.34914e-01 -5.48083e-01
  -4.19729e-01 -1.40163e-01 -1.66559e-01 -1.14514e-01 -6.95151e-02
   8.65705e-02  1.73128e-01 -5.70874e-02  1.07337e-01 -1.44235e-01
   9.75484e-02 -6.04335e-01  9.41450e-02  7.53418e-02 -2.52971e-01
   3.60087e-01  1.60561e-01  2.21761e-01  6.28585e-03 -1.06471e-01]
 [ 1.14687e-02  1.15529e-01  1.40550e-02 -1.87224e-02 -1.23682e-01
   1.96574e-01  1.10533e-02 -2.11716e-01  1.06975e-01  1.40619e-02
  -9.18795e-02 -2.26428e-02 -1.51999e-01 -1.97940e-01  4.49068e-02
   1.59598e-01 -1.84641e-01  3.08456e-01  5.85790e-02 -1.08685e-02
  -7.37545e-02 -2.63363e-01 -1.51518e-01 -7.22096e-02 -4.82233e-01]
 [ 1.74272e-02 -1.78816e-01  6.02979e-02  2.21830e-01 -9.14379e-01
  -9.34176e-01 -7.52465e-02 -3.17831e-02 -1.34906e-01  1.04121e-01
   5.80432e-02  2.59415e-01 -7.12570e-02  1.08454e-01  9.28608e-02
   1.57465e-01 -1.00806e+00  2.87602e-01  4.58993e-02 -4.57864e-01
   3.41344e-01  7.32885e-01 -1.84407e-02  7.07505e-02 -1.47089e-01]
 [ 2.42751e-01 -2.10598e-02  9.38607e-02  1.45409e-01 -5.41526e-01
  -5.13245e-01 -6.57911e-02 -3.60881e-02  1.39571e-01  2.19036e-01
  -2.59573e-01  1.72367e-01 -6.21395e-02 -1.04977e-01  1.71750e-02
  -6.75818e-02 -7.11169e-01  3.88544e-01  1.46824e-02 -6.37913e-01
   6.09974e-01  1.44356e-01 -9.41114e-02 -1.11952e-01 -3.88921e-01]
 [ 1.14209e-02  1.41555e-01 -8.04486e-02  4.05572e-02  3.45407e-01
   9.58347e-02 -9.54574e-02  4.93929e-02  1.13011e-02 -3.02749e-02
   2.89982e-02 -7.60378e-02 -5.43919e-02 -1.08079e-03  1.90466e-02
  -6.21044e-02  1.55099e-01 -1.10877e-01  1.70725e-01 -1.17420e-01
   1.09289e-01 -1.40025e-01 -2.03305e-01  6.73663e-02  8.75365e-02]
 [ 7.16497e-03 -7.88956e-02 -5.12153e-02  6.83474e-02  3.55402e-01
  -8.61522e-02 -1.30356e-01 -7.84926e-03 -2.07752e-01  2.25844e-02
   7.04756e-02 -1.16297e-01  4.08374e-02 -5.79820e-02 -4.82824e-02
  -1.25224e-01  5.42939e-01  4.71551e-02  2.21682e-02  4.96181e-01
  -4.42906e-01 -1.07830e-01 -1.58453e-01  5.00833e-02  2.48296e-01]
 [ 1.61161e-02 -8.32849e-02  8.05685e-02 -5.57531e-02  1.40221e-02
  -6.70288e-02 -8.33631e-02 -2.42111e-02  2.00360e-02 -1.27802e-01
   5.45416e-02 -9.63818e-02  1.99250e-01 -1.57877e-01  1.41395e-01
   2.98619e-02 -1.28003e-01 -1.98565e-02  8.43397e-02  2.05673e-01
  -4.14252e-03  1.71595e-02  5.17933e-02 -1.21164e-01 -2.27313e-01]
 [ 6.00755e-03 -3.68363e-02 -1.74178e-01 -5.34907e-02  4.03271e-02
  -2.96782e-02 -9.58237e-02 -1.62313e-02  9.96593e-02  2.17762e-01
  -8.71457e-03 -1.29839e-01  5.56666e-02  1.61682e-02  2.18443e-02
   1.07368e-01  1.95211e-01  1.44212e-01 -6.80231e-02 -8.24271e-02
  -3.42946e-02  1.10171e-01 -1.14367e-01 -1.73235e-01  1.74098e-02]
 [ 7.73371e-02 -1.34585e-01 -6.46378e-02 -4.68510e-02 -1.60240e+00
  -1.23520e+00  4.15853e-02 -3.68948e-03 -2.86429e-01 -1.35480e-01
   2.80293e-01  1.16444e-02  2.22700e-03  8.83959e-03  1.63486e-01
   2.24265e-01 -8.19406e-01  2.45716e-01  6.40467e-03 -3.00170e-01
   5.25479e-01  7.05157e-01 -2.09177e-01 -2.89507e-02 -4.97792e-01]]

W2: 
[[ 0.42542]
 [-0.32965]
 [-0.1212 ]
 [ 0.66625]
 [-4.50285]
 [-3.37813]
 [-0.45846]
 [-0.41086]
 [-0.19391]
 [ 0.29582]
 [-0.20836]
 [ 0.3148 ]
 [-0.18133]
 [-0.0117 ]
 [ 0.11048]
 [ 1.22831]
 [-2.61414]
 [ 1.10071]
 [-0.15572]
 [-1.76031]
 [ 1.82953]
 [ 2.98686]
 [-0.34606]
 [ 0.22693]
 [-2.31409]]

# --- EXPERIMENT COST, ACC. & ERROR HISTORY --- #

cost: 
[0.62925 0.60659 0.58711 ... 0.25945 0.25945 0.25945]

accuracy: 
[0.     0.     0.     ... 1.4786 1.4786 1.4786]

error: 
[108.5 108.5 108.5 ...  99.5  99.5  99.5]