# --- APTitude Experimental Analytics Report (v1-low-learning-rate) --- #

# --- EXPERIMENT HYPERPARAMETERS --- #
epochs: 50000
alpha: 1e-05
lamb: 0.001
train_size: 0.9
threshold: 7000
l1: 25
b: 0.8

# --- LEARNED MODEL PARAMETERS --- #

W1: 
[[-7.45516e-02 -5.20544e-02  2.64586e-01 -1.45028e-01  1.31079e-02
  -2.03665e-02 -1.66020e-01  1.79013e-02 -7.90464e-03 -1.42471e-01
  -2.49045e-01 -2.88057e-02 -1.77907e-01  1.03115e-01 -8.72029e-03
   4.98860e-02 -2.51369e-02  1.53482e-01  7.20190e-02  1.69392e-01
   3.42586e-02 -1.08210e-01 -1.45769e-01 -6.26780e-02  3.39844e-02]
 [-5.41818e-02  2.84929e-01 -5.95067e-02  4.17737e-02 -2.77857e-04
  -4.55909e-02  1.09433e-01 -1.57560e-02  9.75928e-02 -8.39083e-02
  -6.94757e-03 -2.31105e-02  5.05174e-02 -7.00496e-02  2.12516e-01
   1.18674e-01 -3.72862e-02 -7.29027e-02  1.19532e-01  5.54053e-02
   1.63539e-01  8.16153e-02  1.11675e-01  9.62321e-03 -2.01733e-01]
 [-8.78706e-02 -2.58174e-01  1.50707e-01 -5.11928e-02  2.41770e-01
  -4.21127e-01 -7.28783e-02  3.78046e-01 -7.55484e-02  1.64168e-02
  -1.33230e-01 -6.89713e-02  4.24419e-01 -3.99567e-01 -6.37740e-01
  -7.93347e-02  1.17546e-01 -9.50460e-03 -8.38350e-02 -5.05512e-02
  -5.14749e-01  6.42119e-02  1.95536e-01 -3.32939e-01 -1.31793e-01]
 [ 8.19572e-02  1.23717e-02 -4.39537e-01 -7.95743e-02 -1.42768e-01
  -8.03972e-02  2.08652e-01  4.08056e-02 -1.21061e-02  1.29475e-02
   1.50500e-01 -1.32485e-01  1.24577e-02  3.54464e-03  1.48403e-01
   1.73154e-02 -6.09933e-02  1.19018e-01  4.80473e-02  2.25890e-01
   1.94470e-02  1.91013e-02 -6.43557e-02  1.32122e-01 -5.62080e-02]
 [-2.69061e-02  9.19895e-02  7.52107e-02  3.10898e-02  4.81020e-02
  -5.20656e-02  2.09137e-02  1.38528e-02 -2.26571e-01  1.46177e-01
  -1.47119e-01  1.82335e-01  7.99054e-02  2.28984e-01 -2.33072e-02
   3.67215e-02  1.33217e-01 -1.48536e-01  8.41502e-03 -2.41879e-02
  -4.82210e-02 -2.11537e-01 -2.19382e-01  9.44196e-03  2.51491e-02]
 [-3.39443e-02  1.24981e-02 -9.62007e-02 -5.27872e-02  6.98051e-02
   2.97972e-02  7.28743e-02 -1.28796e-01 -1.85236e-01 -5.86598e-02
  -2.75077e-02 -1.35687e-01 -8.80800e-02  2.79115e-03  1.76712e-01
   7.79417e-02  1.18358e-01 -7.68087e-02  2.58283e-02  1.52007e-01
   5.32255e-02 -9.12203e-03 -8.15510e-02  9.71863e-02  2.66293e-02]
 [ 1.26822e-01  1.81038e-02  1.88919e-01 -1.18402e-02 -1.32553e-01
   9.95279e-02  6.32025e-02  6.79719e-02 -4.63507e-02 -4.16745e-02
  -2.55850e-02 -7.04698e-02 -2.80917e-01  1.43211e-01  2.15049e-01
  -8.35254e-02 -1.09722e-01 -1.25814e-02 -7.83547e-02  1.05668e-01
  -4.38180e-03  6.15576e-02 -1.31517e-01 -1.15645e-01 -1.58888e-01]
 [-1.23299e-01  9.31833e-02  3.95160e-02  8.32761e-03  7.18797e-03
  -1.22937e-01  1.22507e-01 -2.28195e-01  1.42329e-01  2.65253e-01
   9.73337e-04  3.51646e-02 -7.54754e-03 -5.43531e-02  8.42596e-03
  -8.29383e-02  1.06768e-02  9.53809e-02 -1.06898e-03  1.47010e-01
   1.08219e-02 -1.45468e-01  7.14221e-04  3.22994e-02 -1.36449e-01]
 [ 1.20919e-01 -7.21802e-02 -9.42458e-02  1.70619e-02 -1.09854e-01
   1.13400e-01  4.22773e-02 -5.49737e-03 -2.92360e-04 -3.74145e-02
  -8.73997e-02  2.89181e-03  9.28000e-02  1.40259e-01  7.16720e-02
   9.85432e-02  1.43601e-01 -1.23664e-01 -4.27493e-03  1.56967e-01
  -8.29889e-03 -4.65112e-02  6.64667e-02 -1.20988e-02  1.40169e-01]
 [-2.33082e-02  6.34164e-02  2.85620e-01  1.19518e-01 -1.28363e-01
  -1.15593e-01 -1.13841e-01 -8.24953e-03 -1.54004e-01  6.85183e-02
   1.58097e-01  1.40174e-01 -8.28981e-02  1.01940e-02 -5.40628e-02
  -8.55988e-02  2.02321e-01 -7.02306e-02 -1.16857e-01  6.18857e-02
   5.63940e-02  1.56017e-01  1.61421e-01 -4.90466e-02 -1.93079e-01]
 [ 8.09829e-02  1.08042e-01  1.60597e-01 -1.63457e-01 -1.11297e-01
   2.08629e-01  1.70917e-01  7.73773e-02  4.81080e-03  1.38248e-01
  -6.56974e-02 -1.54519e-01 -7.53650e-02  8.23160e-02  1.84939e-01
   1.02640e-01 -1.72384e-01  3.05521e-02  4.14608e-02 -1.08150e-01
   3.04023e-02  1.44706e-03  4.11436e-02 -8.42767e-02 -5.26933e-02]
 [-1.02619e-01  6.85453e-02 -8.03598e-02 -7.08923e-02  5.26878e-02
   6.09549e-02 -1.26065e-01  2.88069e-02  9.99597e-02  5.73311e-02
  -1.23624e-01  8.19225e-02 -1.28899e-01 -1.32197e-01  7.80875e-02
   1.68924e-01 -4.80898e-02  6.18652e-02  1.24193e-01  4.63816e-02
   7.46609e-03 -2.96861e-03  5.41086e-02 -3.08890e-02  4.28723e-02]
 [ 6.48860e-02 -6.34971e-03  2.66829e-02  4.52436e-02 -4.09607e-02
   5.51733e-02  1.18949e-02 -9.95964e-02 -2.18599e-02 -9.39443e-02
  -4.59880e-03  4.03920e-02 -1.27546e-02 -1.47609e-02  1.56017e-01
   4.78281e-02 -9.29800e-02  5.42296e-02 -2.92027e-02 -6.87165e-03
   7.85229e-02 -2.51917e-02 -2.28490e-01  4.01488e-02 -1.03918e-01]
 [ 7.47298e-03  1.10381e-01 -7.05301e-02 -5.56945e-02  9.97380e-04
   1.40929e-01 -8.24064e-02 -1.61935e-01  4.80898e-02  1.71269e-01
  -1.21273e-02  5.11366e-02 -1.56048e-01  7.54363e-02  1.04015e-01
  -1.43387e-01 -7.16168e-03 -1.65634e-02 -2.69098e-01  2.65027e-02
   8.87888e-02  1.79542e-02  2.38183e-02 -8.83941e-02 -6.90679e-02]
 [-1.08640e-02 -8.77553e-02 -4.55022e-02  1.08397e-01 -8.68016e-02
  -1.42171e-02  1.75423e-01 -3.69178e-02 -1.14009e-01  2.97454e-02
   4.28067e-03 -1.88665e-02 -1.99860e-01  6.69215e-02  3.48188e-02
   2.01290e-01  6.95807e-02 -4.68499e-02  4.12822e-02  8.52088e-02
   2.22938e-02 -8.29706e-03  1.34735e-01  4.53898e-02  5.80093e-02]
 [-9.44750e-02  3.92435e-02 -1.88120e-01  1.22082e-01 -3.06004e-02
   6.38881e-02  1.28283e-01 -1.08730e-01  1.13186e-01  3.40244e-02
   9.96120e-02 -4.73135e-02 -8.34588e-02  1.66151e-01  6.37759e-02
   5.73202e-03 -8.77125e-02  1.38342e-01 -3.37000e-02  2.25398e-03
  -4.82115e-02  5.58120e-03  6.64035e-02 -2.67538e-02  9.72977e-03]
 [-2.74447e-02  1.76159e-01  1.52014e-01 -2.84932e-02 -8.26348e-02
   9.61508e-02 -1.51945e-01 -1.37167e-02  3.31957e-02  3.49468e-02
   1.56761e-01  1.60622e-01  6.68594e-03  2.70039e-02  1.77486e-01
   1.13708e-01 -1.11586e-01 -6.31497e-02 -1.84354e-02 -1.35752e-01
  -6.48587e-02  1.64923e-01 -1.20445e-01  1.03070e-01 -6.78094e-02]
 [ 1.05240e-01  5.05403e-02  6.55259e-02 -1.35591e-01  3.47976e-02
  -1.46942e-02  6.68880e-02  3.11137e-02  1.96290e-02  1.55850e-03
  -2.05437e-02  7.74457e-03 -8.62340e-02  9.51888e-03 -8.17073e-03
  -1.11184e-01  1.23366e-01 -1.20593e-01  1.11993e-01  1.02612e-01
  -1.37986e-01 -1.76557e-01  7.57279e-03 -1.13356e-01  3.58623e-02]
 [ 1.04254e-01  5.42177e-02 -2.96982e-02 -1.84020e-02  1.54227e-01
   2.80348e-03  1.68127e-01  1.70782e-01 -3.46312e-02  4.44484e-02
   1.58610e-01 -8.62948e-02  5.93005e-03  1.56390e-01 -6.98358e-02
   3.76862e-02  3.22205e-02 -4.07552e-02  1.53006e-01  2.58624e-02
   2.69223e-01  7.75915e-02 -5.91239e-02  2.59134e-02 -5.06170e-02]
 [ 9.05633e-02  9.20724e-02 -1.33348e-01 -3.45479e-02  5.83707e-02
   4.93325e-02 -9.31740e-02  6.56373e-02  1.42800e-01 -1.31728e-01
   1.31425e-01 -2.11753e-01 -6.02549e-02 -2.04221e-03  1.04676e-02
   1.32692e-02 -9.30772e-02  6.42417e-04  1.53068e-01  7.83826e-02
   1.93756e-01  9.06492e-02 -1.50900e-01  1.72547e-01  1.08997e-01]
 [ 6.95706e-02 -1.39589e-02 -8.05094e-02 -1.01728e-01 -7.76992e-04
   4.45715e-02 -1.57596e-02 -6.32872e-02 -1.84702e-01 -5.88876e-02
  -9.13327e-02  9.87970e-03 -9.61162e-02  1.37688e-02  7.99547e-02
  -5.13210e-02 -5.43126e-03  1.16147e-01 -2.22584e-02 -5.22276e-02
   1.04222e-01  8.17394e-02  6.69491e-02 -1.28518e-01  1.12604e-01]
 [ 1.93858e-01  2.73055e-01 -1.12304e-01  3.68193e-02 -2.53860e-02
   6.96969e-01  2.07718e-01 -3.94315e-01  1.43123e-01  4.17591e-02
   2.37755e-01 -4.72373e-02 -3.03662e-01  3.68401e-01  7.46389e-01
   8.84663e-02 -1.88076e-01 -4.16781e-03  7.60502e-02 -5.85539e-02
   2.95848e-01  5.78709e-02  3.72155e-02  4.55824e-01 -1.51931e-01]
 [-3.42992e-02 -1.88371e-01  1.43646e-01 -1.25361e-01 -1.50933e-02
   2.21437e-01  1.23338e-01 -1.18395e-01  2.21417e-01  5.66632e-02
  -1.22954e-01  1.17864e-02  3.66393e-02  1.00613e-01 -1.46090e-01
   1.67091e-01 -1.29655e-01 -1.34639e-02  1.18031e-01  6.57434e-02
   3.99748e-03 -5.67198e-02  5.95636e-02  1.19026e-01 -3.26554e-02]
 [ 7.65058e-02  2.97243e-02 -8.49604e-02 -2.06596e-01  1.29439e-02
   2.27642e-01  9.05309e-03 -7.23449e-03  3.05706e-02  1.41620e-01
   2.20766e-02 -6.46564e-02 -1.37708e-01  1.16393e-01  1.71226e-01
  -7.83192e-02 -1.91414e-02 -1.14502e-01 -1.26701e-01  1.08279e-01
   1.29251e-01  9.35464e-02  1.84319e-02  8.21800e-02  1.93127e-01]
 [-4.93456e-02  5.56856e-02  1.67067e-01  1.96854e-01  6.83157e-02
   4.18891e-02 -8.15540e-02 -4.31730e-02  1.80285e-02  2.23134e-02
   5.57937e-02  3.12434e-02 -8.02856e-02 -1.81741e-02  3.76028e-03
   4.98854e-02  1.61203e-01 -1.50539e-01  1.24407e-01  4.73677e-04
   1.71967e-01  1.83503e-01  5.23506e-02 -9.16052e-02 -3.08179e-02]
 [ 3.01923e-02 -5.43776e-02  1.78932e-02 -6.85505e-02 -1.20050e-03
  -9.42565e-02  5.81231e-02  7.09667e-02  6.21142e-02 -1.50791e-01
  -6.57875e-02 -7.58462e-02 -2.02737e-02 -8.63761e-02 -1.17059e-01
   1.51409e-01  1.69476e-03 -1.18759e-01 -3.22034e-02  2.26669e-01
   5.13000e-02 -8.85495e-02 -1.84192e-02 -5.54108e-02  1.95752e-02]
 [-1.97713e-01 -1.25454e-01 -1.26344e-02 -1.60765e-01  3.61130e-03
  -5.02052e-02  3.28592e-02  1.39435e-01 -2.75930e-02  2.24719e-02
   2.35170e-02  9.29799e-02  2.65105e-02 -8.37796e-02  1.19003e-03
   7.30940e-02  5.57440e-02  5.76760e-02  1.28605e-01 -3.01080e-02
  -1.02691e-01 -1.03807e-01  3.99960e-02  1.79070e-02 -2.04827e-02]
 [ 1.81732e-01 -5.34692e-02  3.99280e-02 -1.28389e-02  1.49421e-01
  -5.33255e-02  1.58876e-01 -1.23668e-02 -1.31300e-01 -4.09500e-02
  -2.22210e-02  1.42071e-01 -6.79809e-02  3.66392e-02  2.00873e-01
   1.89428e-02 -4.55138e-02 -6.88347e-02 -1.35993e-01  5.44489e-02
   1.45018e-01 -3.50245e-02 -9.76550e-02  1.29985e-02  9.37004e-03]
 [-8.59402e-03  4.70418e-02 -7.03786e-03 -3.57292e-02  9.45006e-02
  -1.44123e-01 -1.23101e-01 -4.33358e-02 -1.33760e-01  1.50642e-01
  -2.28317e-01  5.32725e-02  3.88328e-02  4.91750e-02  7.33026e-02
  -6.18836e-02 -6.14698e-02  1.36397e-01 -2.58057e-02 -1.24321e-01
  -1.20568e-01 -1.50350e-01  2.35515e-02  9.85186e-02 -2.24264e-02]
 [-4.66261e-02 -1.21023e-01  9.91438e-02  8.15737e-02  1.20069e-01
   1.33961e-02 -1.80328e-01  1.55962e-01 -1.72124e-01  6.19823e-02
   1.17863e-02  7.12861e-02  1.44716e-01 -9.93987e-02 -1.71257e-01
   5.95028e-02 -5.48254e-03  6.55729e-02 -1.08442e-01  4.35622e-02
  -7.21220e-02 -7.75623e-02 -1.78505e-02 -3.10499e-02  3.98853e-02]
 [ 2.40693e-02 -9.52192e-02  3.73120e-02 -1.38213e-01 -4.06066e-02
   1.68886e-02  6.28591e-03  6.24431e-02 -7.08583e-03 -1.16746e-01
  -4.53227e-03 -1.25915e-01 -1.97110e-02  3.62869e-02 -2.00489e-01
  -5.51405e-02  4.65176e-02  9.02755e-03  1.10068e-01 -1.34829e-01
  -8.80503e-02  5.40696e-02 -3.96126e-02 -1.26351e-01 -4.94478e-02]
 [-6.57678e-02  2.06307e-02  1.37873e-01  2.65257e-02  1.61558e-01
  -1.06790e-01 -2.27290e-01  1.34109e-01 -2.25103e-01  5.72579e-03
  -6.34067e-02 -1.22527e-01  6.63535e-02 -1.22196e-01 -1.23035e-01
  -4.39894e-02  1.14451e-01 -3.98775e-02  3.00388e-02  2.46424e-02
  -6.78919e-02  8.92643e-03 -3.93609e-02  3.27251e-02  8.04553e-02]
 [-2.10952e-01 -9.91886e-02  1.44475e-01 -3.10173e-02  2.66231e-01
   8.74041e-02  3.38218e-02 -7.91365e-02 -2.44002e-02  2.43578e-02
   7.04354e-02 -1.08259e-02 -2.70438e-02 -6.44700e-02 -6.88295e-03
  -4.85580e-02 -1.02866e-02 -6.88215e-02 -1.07859e-01 -1.07573e-02
  -2.04543e-01 -1.45809e-01 -8.16093e-02  4.04214e-02 -6.08413e-02]
 [-1.17154e-01  5.13308e-02 -3.25258e-02  1.15118e-01 -1.98334e-02
  -9.27170e-02 -6.38680e-02  1.46424e-01  1.25187e-01  1.00692e-02
   6.05312e-02 -1.59209e-01  9.19655e-02  4.17201e-02 -3.09893e-02
  -1.99630e-02  3.54928e-02 -5.52825e-02 -6.32866e-02 -1.05521e-01
   1.39186e-01 -1.01695e-01 -2.96126e-02  4.70453e-02  1.12238e-01]
 [ 1.15139e-02 -2.43585e-01 -1.04847e-02 -3.22909e-02 -1.59963e-01
  -3.15130e-01 -3.14369e-01  1.73455e-01 -5.54617e-03  4.55126e-02
  -1.96830e-01  5.39017e-02  3.34988e-01 -4.39930e-01 -5.23376e-01
   3.26027e-03  1.15288e-01 -6.73837e-02 -8.36493e-02  1.77416e-01
  -3.32706e-01  6.77750e-02 -1.21181e-01 -2.29558e-01  1.09515e-01]
 [-4.25361e-02 -4.95095e-02  1.21732e-01 -4.66303e-02  7.05392e-02
  -7.92325e-02  1.46233e-01 -2.75941e-01 -1.01959e-01 -5.64009e-02
  -2.51656e-02 -2.23303e-02  8.20037e-02  2.49755e-01  2.44129e-01
   6.11535e-02  9.90366e-03 -1.98008e-01 -1.84896e-02 -3.25435e-02
   1.06149e-01 -1.02881e-01 -8.64627e-02 -5.19589e-02  6.25181e-02]
 [ 2.73386e-02 -8.78506e-02 -1.69174e-01 -6.41659e-02 -6.94248e-02
  -1.02255e-02  1.35972e-03  3.86543e-02  6.73670e-02 -5.73110e-02
  -7.73893e-02  1.13766e-01 -5.11213e-02  9.68318e-02  2.96246e-02
   3.05187e-02  1.44224e-01 -2.40799e-02  1.05355e-01  6.58038e-02
   1.38197e-02 -4.76037e-02 -5.31086e-02  1.15609e-01  9.61390e-02]
 [-8.62430e-02  1.80791e-02 -1.58094e-01  3.59999e-03  2.00464e-01
  -1.42092e-01  2.77659e-03 -2.87136e-02 -2.74198e-03 -9.53806e-02
  -3.50189e-03 -2.26218e-01 -3.89523e-03 -4.13705e-02 -7.33521e-02
   1.87055e-01 -9.53077e-02 -6.74677e-02 -1.38143e-01  5.56190e-02
  -2.14906e-02 -1.16569e-01  8.79257e-02 -1.51988e-02  1.43823e-01]
 [ 7.41127e-02  8.23055e-03 -7.23043e-02 -2.14703e-01 -5.36352e-02
   8.63332e-02 -3.92566e-02 -9.00476e-02  6.65100e-03  7.57351e-02
   2.29538e-01 -1.30886e-01 -3.76480e-02 -6.27655e-02 -4.70326e-02
   7.47343e-02  4.40704e-03 -1.46719e-01  1.18889e-01  1.84797e-01
   6.30374e-02 -1.06025e-01 -1.09738e-01  8.99306e-02 -9.33790e-02]
 [-9.57639e-02 -2.08753e-01  2.02954e-01 -7.60300e-02 -3.80788e-04
  -1.95816e-01 -1.37782e-01 -5.68614e-02  6.90305e-02 -6.93549e-02
   7.22411e-02 -1.46802e-01  1.09212e-01  2.71307e-02 -2.78654e-01
   1.09160e-03 -1.37416e-02 -1.22187e-01 -7.29243e-02 -1.71079e-01
  -1.19031e-01 -1.65992e-01  5.44345e-02  4.06616e-02  1.48255e-01]]

W2: 
[[-0.2176 ]
 [-0.47839]
 [ 0.38801]
 [ 0.0916 ]
 [ 0.2532 ]
 [-0.90763]
 [-0.36282]
 [ 0.73136]
 [-0.19355]
 [ 0.01678]
 [-0.24496]
 [ 0.1475 ]
 [ 0.74306]
 [-0.64502]
 [-1.2739 ]
 [ 0.02695]
 [ 0.33393]
 [-0.10475]
 [-0.04532]
 [-0.14791]
 [-0.67343]
 [-0.04366]
 [ 0.03397]
 [-0.55687]
 [ 0.13677]]

# --- EXPERIMENT COST, ACC. & ERROR HISTORY --- #

cost: 
[0.64872 0.64558 0.64251 ... 0.38702 0.38702 0.38701]

accuracy: 
[0. 0. 0. ... 0. 0. 0.]

error: 
[122. 122. 122. ... 122. 122. 122.]