# --- EXPERIMENT HYPERPARAMETERS v1 --- #
prnt: 1000.0
epochs: 10000
alpha: 0.001
lamb: 0.001
train_size: 0.95
threshold: 5500
l1: 25
lb: 0.2
ub: 0.8

# --- LEARNED MODEL PARAMETERS v1 --- #

W1: 
[[-7.75504e-02  2.70242e-01  2.60380e-01 -8.70712e-02 -1.74765e-01
   1.26162e-01  2.06872e-02 -1.90886e-01 -1.37177e-01  2.04288e-01
  -2.04492e-03  3.06434e-01  8.44284e-01 -4.47940e-02 -1.67960e-01
   2.99328e-01 -1.18072e-01  1.17099e-01 -5.35048e-02 -1.36042e-01
  -7.16481e-01 -2.89249e-01  3.20896e-01  3.33330e-01  1.39586e+00]
 [-1.39995e-01  5.48006e-01  2.27163e-01  3.32120e-01  1.31423e-02
  -6.42319e-01 -1.25626e-01 -3.15701e-01 -1.24235e-01 -3.38570e-01
   6.58442e-02 -3.34380e-01 -1.11386e+00  3.31300e-01 -2.03082e-02
   1.73905e-01  3.49043e-01 -1.30174e-01 -4.21117e-02 -2.73669e-02
  -5.18096e-01  2.25645e-01  8.45209e-01  1.43062e+00  2.85510e-01]
 [-3.00751e-02 -7.06240e-01 -1.44010e+00 -3.76530e-01 -9.84507e-01
   3.06566e-01 -1.01987e-01  1.60689e+00 -9.67190e-02 -2.93013e-01
  -7.43502e-03  6.67523e-01 -1.57843e-01 -5.98524e-01 -3.45922e-02
  -3.85928e-01 -4.82377e-01  4.27370e-02 -9.74816e-02 -1.81715e-01
   6.22258e-01 -6.95312e-01 -1.74702e+00  8.00629e-01 -2.22355e+00]
 [ 1.61410e-01  4.61021e-01 -7.83424e-02 -1.20390e-03  6.41958e-02
   7.71784e-02  2.64382e-02 -2.89462e-01  2.47401e-01  6.59373e-01
   5.31757e-02 -5.24414e-01  2.81685e-01  1.30695e-01 -1.50414e-01
  -1.86439e-01 -7.00665e-02 -1.21359e-02 -5.65347e-02  8.38543e-02
  -6.11127e-01  1.00120e-01  1.07331e+00 -7.90394e-01  7.38474e-01]
 [ 8.27431e-02 -1.47020e-01  2.03726e+00  3.14332e-01 -4.61476e-01
   6.34618e-01 -6.69538e-02  1.48015e+00 -2.73727e-01  2.07205e-01
  -1.86952e-02 -1.98768e-01 -1.82288e-01  1.37733e-01  3.97358e-03
   3.38359e-01  7.41695e-02 -1.21690e-01  6.75395e-02 -1.82531e-01
   1.08918e-01  6.52864e-01 -4.54448e-02 -1.73256e-01  3.76862e-02]
 [ 2.20916e-02 -1.04118e-01 -5.40487e-02  4.86555e-02 -8.62862e-02
   4.36448e-01  1.03243e-01 -5.90207e-01  3.20625e-02  4.71880e-01
  -1.52243e-01 -3.64118e-02 -8.59071e-01 -1.19099e-01  1.33550e-01
  -2.66899e-01  2.13924e-02  7.37176e-02 -1.97722e-02 -1.05358e-02
  -6.67240e-01 -1.74273e-01 -1.86784e-01  1.15825e-01 -4.22096e-01]
 [ 1.12143e-01  2.70339e-01  6.38012e-02  2.47703e-02  3.15684e-01
   4.38184e-01  2.05339e-02 -2.03664e-01 -6.25300e-03  1.26560e-01
  -9.03915e-02 -4.38855e-02  1.83708e-01 -9.87319e-02  1.78487e-01
   2.47381e-02 -1.57045e-01 -3.80976e-02  1.68317e-01 -3.22776e-02
  -5.70402e-01  3.07569e-02  3.18382e-01  3.14037e-01  3.55642e-01]
 [ 3.52806e-02  7.76791e-01  7.13514e-01 -7.29977e-02  5.84354e-01
   2.96186e-01 -7.42127e-02 -8.09608e-02 -5.70753e-02 -5.42958e-01
   1.10450e-01 -3.37883e-01  3.21555e-01  2.15036e-01  3.54292e-03
  -2.11737e-01  9.23512e-02 -7.22919e-02 -4.14330e-02 -6.24310e-02
  -4.19915e-01  1.83557e-01  7.90515e-01  4.59948e-01  4.90922e-01]
 [-9.65576e-02  5.20920e-01  1.85807e-01  7.16538e-03  6.96805e-01
  -1.12746e+00 -1.20024e-01 -4.21448e-01 -2.24388e-01 -5.43895e-01
  -1.73979e-02 -2.54833e-01 -5.47781e-01  3.63839e-01 -7.52802e-02
   3.74942e-01  2.62421e-01 -1.43601e-02  7.25998e-02  1.95054e-02
  -4.32696e-01  4.21059e-01  6.56339e-01  4.11063e-01 -1.92471e-01]
 [-2.88738e-01 -2.64177e+00  9.39305e-01 -1.95264e-01 -6.80315e-02
  -1.99263e-01 -3.36190e-02 -5.49635e-01  2.05622e-01  4.29468e-02
  -9.43842e-02  3.26820e+00  1.29381e-01 -1.06443e+00 -2.73045e-01
   2.82174e-01 -5.55212e-01  9.95953e-02  1.62754e-02 -4.61860e-02
   1.06697e+00  7.10100e-01 -2.95080e-01  8.91838e-02  4.76153e+00]
 [ 1.66794e-01  8.81425e-01  6.62781e-01  2.37479e-01  6.09294e-01
  -7.60355e-01 -3.86325e-03 -5.86580e-01  3.25990e-02 -9.64027e-03
  -6.30683e-02 -2.23959e-01 -6.61298e-01  3.67058e-01 -1.53437e-02
   9.25266e-02  7.18149e-01 -1.70169e-02  1.33970e-01 -1.01815e-01
  -8.78970e-01  2.40398e-01  1.33570e+00  3.62424e-01  9.58230e-02]
 [ 1.08038e-01  7.23008e-01  7.90569e-01  2.48843e-01  4.47699e-01
  -7.98871e-03 -7.24894e-02 -1.01506e-01 -2.07142e-01  1.66766e-01
   5.82828e-02 -4.32958e-01 -8.12419e-01  1.77104e-01 -6.08835e-02
   2.71503e-01  2.80345e-01  2.20775e-01  1.79689e-01  1.53256e-01
  -3.66218e-01  1.50037e-01  4.84420e-01 -7.27929e-01  2.02156e-01]
 [-4.74217e-02  1.11883e-01 -7.26938e-02  7.83773e-02 -6.23701e-02
  -8.46850e-03  4.40228e-02 -4.02146e-01 -1.55988e-01  4.26351e-01
  -4.59528e-02 -3.98696e-01 -4.02701e-02  1.24612e-02  1.53134e-02
  -1.18200e-01 -3.35838e-02 -9.12607e-02  6.22219e-02 -1.44981e-01
  -6.82932e-01  1.51356e-01  5.22650e-01 -4.83950e-02  3.31701e-01]
 [-5.89315e-02  8.42263e-01 -5.88849e-02  2.83670e-01  3.48362e-01
   1.58311e-01  9.09532e-02 -2.47836e-01 -2.96387e-02 -3.09580e-02
  -9.19717e-02 -6.01441e-01  5.34632e-01  5.68546e-01 -1.50944e-01
  -1.83748e-01  4.70870e-01 -1.21387e-02  3.59313e-02  1.53108e-01
  -5.05488e-01  1.61342e-01  1.35400e+00  2.80199e-02  1.16221e+00]
 [-8.41711e-02 -8.44736e-02 -5.94434e-01 -5.37077e-02 -1.37063e-01
   1.55898e-01  3.86467e-02 -6.37362e-01  1.72355e-01 -2.49185e-01
  -6.04005e-02  2.92920e-01  1.52838e-02 -2.86113e-01 -8.26038e-02
  -3.35510e-01  1.50113e-01 -1.86386e-02 -6.18622e-02  5.54339e-02
  -1.08779e+00 -2.63945e-01 -3.45607e-01 -6.11623e-01  3.60444e-01]
 [-2.17705e-01  2.73040e-01  3.33610e-01 -3.30431e-01  9.99868e-02
  -2.41181e-01 -7.50521e-03 -5.32061e-01 -3.35120e-02  1.02485e-01
  -1.81182e-01  2.19110e-03 -1.72973e-01 -2.37085e-01 -2.53948e-01
   1.16767e-01  3.25281e-02  1.63061e-01 -1.82387e-01 -7.18404e-02
  -5.45325e-01 -1.30947e-01  9.57728e-02 -1.30082e-01 -3.17030e-01]
 [-2.89437e-01 -1.35762e-02 -1.06786e-01 -5.20966e-03  4.31711e-01
   4.93949e-01  3.19440e-02 -2.88316e-01  7.11168e-02  1.16578e-01
  -2.69598e-04  1.63932e-01  1.96937e-01  3.77725e-02 -1.71665e-01
  -6.68691e-02 -1.90610e-01 -2.97189e-02 -3.67120e-02  1.48461e-01
  -4.36750e-01 -8.12727e-02 -1.65921e-01 -5.02153e-01 -7.09237e-01]
 [-6.07778e-02  5.58997e-01  3.08466e-01 -1.28081e-02  5.29854e-01
   7.27748e-02 -1.99117e-01 -3.82344e-01  1.07708e-01 -7.74532e-02
  -1.00214e-02 -4.96626e-01  2.98338e-01  1.06966e-01  1.16241e-02
  -1.19879e-01  1.61969e-02 -8.83248e-02 -7.60315e-02 -8.78607e-02
  -5.88858e-01 -1.18765e-01  5.03892e-01 -5.72155e-02  1.06401e-01]
 [-4.76849e-04  1.52150e-01  9.62475e-02  3.06497e-02  1.72833e-01
  -4.92542e-01 -4.54876e-02 -7.49774e-01  2.78252e-02 -5.00500e-01
   1.41206e-02 -2.27513e-01  9.80780e-02  2.54137e-01  1.98338e-01
   1.10975e-01  7.98079e-02 -5.13071e-02  6.06359e-03 -3.98842e-02
  -8.89944e-01  1.85191e-01  5.47206e-01 -7.11807e-02  5.22537e-01]
 [ 1.50725e-01  6.35215e-01  3.56276e-01  4.10436e-01  5.39586e-01
  -8.21689e-01 -2.10899e-01 -5.89387e-01 -7.86469e-02 -2.35874e-01
  -7.89070e-02 -4.18114e-01 -3.18967e-01  1.72359e-01  6.55239e-02
   1.15950e-01  2.76740e-01 -5.76999e-02 -9.63391e-02 -9.63375e-02
  -7.68279e-01  1.05228e-01  7.31194e-01  1.87425e-01  7.63724e-01]
 [-8.04687e-02  5.11002e-01  1.56955e-01  1.18946e-01  5.09516e-01
  -1.53657e-01  2.81982e-02 -4.07452e-01 -1.79386e-01 -1.88687e-02
  -7.42289e-02 -3.48342e-01 -3.51379e-01  3.64991e-01 -2.59166e-02
   1.97099e-01  3.69367e-01  1.94132e-01  1.19377e-01 -7.75293e-03
  -6.19932e-01  2.71829e-01  7.52086e-01 -1.37402e-01 -4.73526e-01]
 [-2.19478e-02  1.54753e+00  6.24114e-01  1.92846e-01  1.15706e+00
   3.08469e-01 -1.52545e-01 -2.52844e+00  1.00098e-02  4.59246e-01
   4.15242e-02 -8.27414e-01 -4.34344e-01  7.13928e-01 -1.28324e-01
   1.86011e-01 -7.79583e-02 -6.60306e-03 -4.22821e-03  1.61749e-01
  -2.17622e+00  8.52785e-01 -6.37497e-02 -3.81608e-01  3.25551e+00]
 [-1.10502e-01 -4.90788e-01 -2.21809e-01 -1.77987e-01 -1.20899e+00
  -1.11794e-03 -7.03217e-03  2.39242e-01  6.70652e-02 -2.12657e-01
  -2.99063e-01  1.23297e-01  7.80686e-02  1.24900e-01 -6.20202e-03
  -4.75171e-01 -2.03875e-01  7.29322e-02  1.15353e-02 -5.57803e-02
   7.11727e-01 -3.57220e-02 -6.96116e-01  7.55855e-02 -1.75566e-01]
 [ 2.01646e-01  9.32642e-01  5.03461e-01  1.07629e-01  8.42652e-01
  -1.81973e-01 -6.45003e-02 -8.35819e-01 -1.65961e-01 -3.25520e-01
   1.72760e-01 -4.72974e-01  2.08449e-01  4.23102e-01  1.31111e-01
  -1.35222e-01  1.79632e-01 -1.54196e-01 -1.27991e-02  1.78883e-02
  -7.50219e-01  1.19072e-01  8.03069e-01  4.34729e-01  9.48111e-01]
 [-9.28034e-02  8.36177e-03  3.82737e-01 -2.56759e-01  1.23621e-01
  -6.89472e-02 -4.82019e-02 -6.28679e-01  1.18479e-01  3.73762e-01
  -9.98746e-02  1.31400e-01  2.37485e-01 -2.11083e-01 -7.07356e-02
   1.64233e-02 -1.69474e-01  4.76883e-02 -2.88996e-01  1.17617e-01
  -8.15318e-01 -2.16720e-01 -1.54538e-01 -1.44913e-01  1.17996e+00]
 [-1.22790e-01 -4.33785e-01 -4.24847e-01  2.69161e-02 -5.62077e-01
   1.81410e-01  9.74549e-02 -7.37834e-01  8.22336e-02  2.11743e-01
   1.28719e-01  2.19659e-01  2.69486e-01 -3.26727e-01 -9.27603e-02
  -2.53288e-01  1.76608e-02 -1.27762e-01 -4.48708e-02 -2.10572e-01
  -6.10100e-01 -3.52607e-01 -5.07973e-01 -3.38090e-01  1.88522e-01]
 [ 3.43140e-02 -2.51514e-01 -7.70459e-01 -3.12812e-01 -5.46408e-01
   5.35390e-01  1.58955e-01 -6.98912e-02  1.65554e-01  1.41507e-01
  -1.04386e-01  3.27843e-01  3.52889e-01 -1.07501e-01  1.49054e-02
  -1.35702e-01  5.92227e-02 -1.09033e-01 -6.78692e-02 -2.78649e-01
  -3.69325e-02 -2.67459e-01 -3.01063e-01 -8.30789e-01 -8.96376e-01]
 [-6.06187e-02 -1.89585e-01  1.48527e-01 -9.75087e-02  9.56395e-02
  -2.30911e-01  2.34665e-01 -3.55224e-01  1.01788e-01  3.50408e-01
  -1.50929e-02  1.68857e-01  3.59962e-02 -1.89742e-01 -4.69907e-02
   1.08709e-01 -9.11898e-03  9.59389e-02 -1.03200e-01  2.09391e-01
  -8.85209e-01 -2.65909e-01 -1.78696e-01  7.25492e-02  6.19508e-01]
 [-4.15829e-02 -7.77552e-01 -4.01837e-01 -2.85126e-01 -5.57142e-01
   4.95725e-01  7.16993e-02  1.96026e-01  1.42280e-01  1.19695e-01
  -4.83919e-02  2.48372e-01 -2.52955e-02 -1.53684e-01  1.25009e-01
  -1.87885e-02 -3.49290e-01 -7.52286e-02  5.52326e-02  1.84831e-02
  -2.48055e-01 -3.79668e-01 -4.11915e-01 -2.12392e-01 -5.54866e-02]
 [ 5.69103e-02  1.24895e+00 -1.22525e+00 -4.42010e-02  8.73251e-02
   3.04978e-01  5.56591e-02 -2.33929e-01  8.74402e-02 -3.14087e-01
  -2.39099e-02  9.21598e-01  1.77738e-01  1.41199e-02 -7.78523e-02
  -1.15765e-01  3.65245e-01 -8.03862e-02 -3.94270e-03  6.32015e-02
   3.71979e+00 -5.98961e-02  7.29722e-01 -1.09587e-01 -1.46942e+00]
 [-5.48787e-01 -1.67194e+00 -6.44338e-01 -3.71564e-01 -6.16951e-01
   1.49946e-01  1.14144e-01  2.26685e+00  2.32548e-02  8.91115e-03
  -2.50192e-02  1.24671e+00  3.08427e-01 -8.61437e-01  1.18595e-02
  -4.46920e-01 -5.03228e-01 -2.32374e-02 -2.25473e-01 -1.20835e-02
   2.13385e+00 -5.33160e-01 -3.39676e+00  8.44473e-02 -3.16537e-01]
 [ 6.04486e-02 -5.75537e-01 -6.26782e-01 -2.40746e-02  1.63182e-01
   4.85088e-01 -1.84127e-01  1.39816e+00 -2.23939e-02 -3.31691e-01
  -1.00601e-01 -1.61811e-01 -7.19224e-01 -4.35177e-01  8.53625e-03
   1.43106e-01 -6.53611e-01 -2.26872e-01 -9.79915e-02 -1.41600e-01
   5.98672e-01 -6.66666e-01  1.68509e-01  4.65033e-01 -2.66317e+00]
 [ 4.22012e-02 -3.63952e-01 -5.57251e-01 -6.81670e-01 -7.14423e-01
   2.64773e-01 -1.49228e-01 -1.84833e-01  3.42819e-02  1.46559e-01
  -5.44979e-02 -1.26247e-01 -1.44314e-01  1.51484e-01 -1.44672e-01
  -4.92658e-02  1.64632e-01 -6.47972e-02 -2.85077e-01 -4.00867e-02
  -3.43808e-01 -3.86747e-01  2.20897e-01 -2.94440e-01 -2.75619e-01]
 [ 1.54785e-02 -6.80864e-01 -3.67787e-01  9.46242e-02 -1.26022e-02
  -3.87055e-01 -5.98674e-02  1.20972e+00  3.23073e-02 -1.52156e-01
  -1.57907e-01  3.85287e-01 -3.04130e-01 -3.80563e-01 -1.81186e-02
  -1.95268e-01 -5.23793e-01  1.47443e-01  3.78180e-02  1.77967e-01
   1.69846e+00 -3.30011e-01 -1.42897e+00  5.96997e-01  4.11470e-01]
 [-1.46172e-02 -8.42932e-01 -1.86493e-01 -2.88140e-01 -8.44485e-01
  -6.21697e-01 -2.14647e-03  1.35779e+00 -1.64057e-01 -4.71832e-01
  -1.25924e-01  3.81943e-01  6.27219e-01 -4.05651e-01  2.51177e-02
  -7.57596e-03 -2.28875e-01 -1.14783e-01 -6.18381e-02 -5.21039e-02
   6.63080e-01  3.13623e-02 -1.61220e+00  4.57348e-01 -2.34386e+00]
 [-6.38799e-02  3.55253e-02  1.68744e-01  1.42714e-01 -4.14797e-01
  -1.57022e-01 -8.14379e-02 -4.88791e-01 -5.43211e-02 -5.41195e-02
  -4.37283e-02 -3.78873e-02  2.15455e-01  2.32087e-02 -5.12788e-02
  -8.68980e-02 -3.11952e-01 -1.45157e-01 -1.41320e-02 -2.36690e-01
  -2.16550e-01 -1.05378e-01  1.35477e-02 -6.39451e-01  8.40918e-01]
 [ 3.11501e-02 -2.18114e-01  5.42791e-01  3.13672e-01 -5.66259e-01
   4.08885e-01 -1.19997e-01 -1.11634e+00 -7.85971e-02 -2.42647e-01
  -6.04298e-02 -9.23204e-02  3.35782e-01 -9.82642e-02 -8.46452e-03
   3.77877e-01  3.62468e-01 -7.42566e-02 -1.00888e-01 -7.81853e-02
  -9.45266e-01  2.13337e-01  2.78536e-01  1.25883e-01  8.94382e-01]
 [ 8.29125e-02 -1.80159e-01  3.24611e-01 -3.04380e-01 -3.98610e-01
   3.15856e-01  9.43840e-02  5.49084e-02  2.27133e-01 -2.66518e-01
  -3.72672e-02  2.47762e-01 -1.04639e-01 -2.23773e-01  4.94254e-02
   1.07581e-01  1.78078e-01 -1.11403e-01  1.55519e-01 -2.21650e-01
  -2.30608e-01 -3.51827e-01  2.02820e-01 -5.29934e-01  3.28348e-01]
 [-8.16689e-02 -2.93689e-01 -4.34845e-02  9.46467e-02 -1.31601e-02
  -9.44209e-01 -5.84533e-02  1.79959e-01 -1.42584e-02  5.12398e-01
   1.56495e-01 -1.14296e-01 -2.37103e-01  2.14419e-02 -9.22482e-02
  -1.27975e-01  6.84114e-02  5.42862e-02 -1.63070e-01 -6.16941e-02
  -3.39496e-02  1.18573e-01 -1.12955e-01  2.95074e-01  1.39207e-01]
 [-2.45760e-01 -2.15627e+00 -1.24852e+00 -5.47125e-01 -1.17546e+00
   2.15724e-01  1.10403e-01  1.48812e+00 -3.76432e-03 -1.75217e-01
   1.49888e-01  1.52565e+00 -2.94538e-02 -1.13435e+00 -2.39506e-01
   8.21208e-03 -1.11920e+00 -3.63228e-02 -1.46815e-01 -4.71851e-02
   1.96628e+00 -5.84550e-01 -3.85349e+00  2.26883e-01 -1.56750e+00]]

W2: 
[[-0.26144]
 [-1.72412]
 [-1.20905]
 [-0.45987]
 [-1.7231 ]
 [ 2.40299]
 [ 0.14   ]
 [ 2.1984 ]
 [ 0.20406]
 [ 1.89811]
 [ 0.00631]
 [ 2.36783]
 [ 2.43513]
 [-0.74746]
 [-0.13026]
 [-0.59254]
 [-0.84867]
 [ 0.09089]
 [-0.17233]
 [-0.09951]
 [ 2.4384 ]
 [-0.74274]
 [-3.18932]
 [-2.46811]
 [-3.65204]]

# --- EXPERIMENT COST, ACC. & ERROR HISTORY v1 --- #

cost: 
[0.64823 0.55174 0.54777 ... 0.27269 0.26448 0.27267]

accuracy: 
[0.     0.     0.     ... 8.9233 1.9174 8.9233]

error: 
[154.96682 124.26576 123.21752 ...  57.19085  57.59658  57.18807]