# --- APTitude Experimental Analytics Report (v7-lower-training-ratio) --- #

# --- EXPERIMENT HYPERPARAMETERS --- #
epochs: 50000
alpha: 0.0001
lamb: 0.001
train_size: 0.81
threshold: 7000
l1: 25
b: 0.8

# --- LEARNED MODEL PARAMETERS --- #

W1: 
[[ 1.46586e-01  2.82105e-01  1.09439e-01 -2.62992e-01 -4.30016e-01
   2.28144e-01  1.44990e-01 -5.01763e-03  2.57472e-01 -1.70650e-01
   1.17213e-02  5.73391e-02  1.47326e-01  3.92548e-01 -2.15982e-01
   1.65916e-01  4.66140e-01 -3.19029e-01  1.99396e-03  4.88713e-02
   3.14410e-01  9.36609e-02  2.65238e-01 -2.19990e-01  2.77004e-02]
 [-1.05261e-01 -4.84927e-01  1.64388e-01  9.61184e-02  2.56677e-01
  -1.61456e-01 -4.56596e-01 -9.42541e-03  2.35076e-01 -4.98005e-01
  -6.12497e-02  2.30593e-01  1.46871e-01 -3.14717e-01  1.20836e-01
  -4.91265e-02  4.08247e-01  6.34167e-01  2.67327e-01 -4.05079e-02
  -1.63253e-01 -1.80084e-01 -3.49769e-01  2.15677e-01 -3.27960e-02]
 [ 8.18332e-02  3.38229e-01  2.82824e-01 -6.62654e-02 -2.51097e-01
   2.87964e-01  2.84506e-01 -4.33935e-02  2.15648e-01  9.54800e-01
   1.21245e-02 -3.89900e-01  5.74869e-02  3.10221e-01 -9.67331e-02
   1.24645e-01 -7.53790e-01 -4.67490e-01 -1.25617e-01 -1.16416e-01
   8.04571e-02  9.26433e-02  1.31791e-01 -5.13268e-02  1.46632e-01]
 [ 2.95373e-02 -2.47973e-01  1.42958e-01  2.85440e-03  2.81579e-01
   6.59257e-02  6.84161e-02  5.72505e-02  2.17199e-02 -5.23946e-01
   7.76829e-02  5.71947e-02  3.12536e-01  3.38430e-01 -1.60406e-01
   9.84590e-02  2.90853e-01  3.64186e-01  2.96369e-01  1.95443e-01
   9.20494e-02  1.14749e-02  1.07231e-01 -2.77003e-01  1.58821e-01]
 [ 5.16618e-02  2.43788e-03 -2.91442e-02 -9.93476e-02  7.85027e-02
  -1.76738e-01 -7.02899e-02 -1.34026e-02 -3.58332e-02  9.28571e-02
  -7.57316e-02 -2.15584e-01  6.35560e-02 -2.56954e-01 -2.59765e-02
  -6.14398e-02  1.13159e-01 -4.45772e-01  2.99192e-01 -1.19883e-02
  -1.91793e-02 -1.83172e-01 -1.87551e-01 -1.39862e-01 -2.48135e-03]
 [-8.58073e-03  3.26473e-03 -4.49413e-02 -2.06130e-01  6.75959e-02
  -1.79538e-01  1.28402e-01  3.28215e-02 -1.34447e-01 -9.39428e-02
   4.21665e-02 -6.19517e-02  3.50961e-02 -3.32265e-01 -1.46847e-01
  -2.09407e-01  2.18234e-01  1.86772e-01  3.54023e-02  6.76258e-02
  -1.21862e-01 -7.11942e-02  3.35116e-04  1.30505e-02 -4.52757e-02]
 [ 2.20185e-01  3.33654e-01  4.05711e-02  1.45483e-01  1.36422e-01
   5.31963e-02  1.80661e-01 -5.05034e-02 -7.38147e-03  1.96951e-02
  -3.73338e-02 -2.64149e-01  9.12365e-03 -1.15120e-01 -1.46153e-01
   7.17330e-02  2.52413e-01 -1.93474e-01  2.49734e-02 -7.32897e-02
   3.48653e-02  9.30450e-02  1.33257e-01  8.58353e-02  8.42377e-02]
 [-3.66753e-02 -3.08127e-01  6.39291e-02  9.59741e-02  1.65155e-01
  -3.44012e-02 -1.87586e-01 -1.11461e-01  1.33855e-01  2.26754e-01
   1.99261e-02  2.86725e-01 -2.37204e-01 -2.05321e-01  1.35367e-01
   9.67238e-03  1.17026e-01  1.05172e-01  3.91575e-01  1.20052e-01
  -1.12239e-01  1.37502e-01 -2.89246e-02 -4.14227e-02 -2.45233e-02]
 [-2.93900e-02 -6.20124e-01  3.72880e-02 -4.33323e-02  5.23765e-01
  -2.48691e-01 -3.53926e-01  2.00885e-01 -6.04523e-02  3.95231e-02
   1.35714e-01  2.25630e-01 -7.27733e-02 -3.56104e-01  1.61271e-01
  -3.17572e-02  1.17773e-01  4.49729e-01 -1.71417e-01  2.51857e-02
  -2.51008e-01  1.03863e-01 -1.17579e-01  1.51639e-01  5.29781e-02]
 [ 2.10807e-01  6.29320e-02  5.32557e-02  7.34457e-03 -3.98033e-02
  -1.01428e-01  3.32395e-02  9.12753e-02 -1.45879e-02 -1.98957e+00
  -3.22509e-02 -1.54957e+00 -1.55322e-01 -3.97630e-02  3.13241e-01
  -4.66247e-01  1.42597e+00 -3.62740e+00  2.07644e-01 -3.21926e-02
   5.03922e-02 -5.02860e-02  4.49152e-02  5.82220e-01  2.25074e-01]
 [ 8.74188e-02 -5.96492e-01 -1.24833e-01  3.60670e-01  2.89789e-01
  -3.38078e-01 -1.35736e-01  1.34893e-01  5.15941e-02 -7.39611e-01
  -1.73770e-01  2.95787e-01  4.55491e-02 -7.31697e-01  8.21768e-02
  -2.90539e-02  2.56413e-01  7.36009e-01  1.57314e-01  5.41502e-03
  -2.84554e-01 -9.20312e-02 -3.97396e-01  1.36333e-01 -3.11716e-01]
 [ 2.24673e-02  5.82758e-02  1.40630e-01  1.54615e-01  1.84349e-01
  -2.00207e-01 -5.53437e-02  1.01674e-01  1.66256e-01 -3.64642e-01
   7.25913e-02  4.11386e-01 -9.72379e-02 -3.60818e-01  3.50961e-02
  -9.40438e-02  2.58703e-01  4.18813e-01  2.51773e-01 -1.41319e-02
   1.51349e-01  1.63240e-01  2.10293e-03  2.00123e-01 -2.48478e-02]
 [ 3.03894e-02 -4.40620e-01  8.69989e-02  9.15512e-02  2.19111e-01
  -5.96982e-02 -2.87370e-01 -1.08196e-01  5.26211e-02 -5.06834e-01
  -4.06210e-02  1.83811e-02 -3.42971e-02 -1.87505e-01  1.38741e-01
   5.56325e-02  2.72452e-01 -9.40025e-02  3.46644e-01 -4.96269e-02
  -1.12432e-01  3.38667e-02 -1.14812e-01  1.20791e-01 -1.71172e-01]
 [-7.27886e-02 -2.62403e-01  5.38824e-02 -6.78481e-02  1.31776e-01
   1.04625e-01 -1.95414e-01  3.34281e-02 -7.67631e-02 -2.40771e-02
   7.21429e-02  9.70253e-02 -9.72202e-02  3.13875e-02 -7.13385e-02
  -4.73602e-02  2.34186e-01  3.02502e-01  1.82906e-01  9.64498e-02
  -2.39094e-03  3.10781e-03 -1.58889e-01 -7.97298e-02 -8.83480e-02]
 [ 4.35630e-03 -1.79694e-02  1.59443e-02 -1.13438e-01  5.76169e-02
  -2.90169e-01  1.70826e-01 -2.00657e-01  1.22547e-01 -1.78724e-01
  -1.03511e-02  3.27156e-02  7.58798e-02 -3.75728e-01  1.12512e-01
   1.19019e-01  4.67912e-01  3.64146e-01  3.05284e-01 -9.10089e-02
  -9.86777e-02 -1.47867e-01 -2.71403e-02  1.23238e-01  2.70119e-02]
 [ 1.36537e-01 -1.66338e-01 -1.31736e-01  7.24378e-02 -8.02486e-02
   2.20642e-01  1.19264e-01 -1.25015e-01  8.14166e-02 -2.63525e-01
   6.09028e-02  2.44032e-01 -3.74463e-02  3.41300e-03 -7.73200e-03
   9.66337e-02  3.77749e-02  1.56157e-01 -5.95811e-02 -6.22453e-03
   4.29346e-02  1.85630e-02  3.34463e-01 -3.41549e-01  7.62640e-02]
 [ 2.37532e-01  5.85395e-02  1.48094e-01 -4.39223e-02  1.49992e-01
  -1.35992e-01 -2.03867e-02  2.23123e-02 -4.40826e-02 -1.72566e-01
  -7.05300e-02  1.03614e-01 -1.94794e-01 -2.26632e-01 -7.32210e-02
   1.43719e-01  2.31486e-01  3.55858e-01  3.03589e-01  1.30638e-01
   5.54757e-02  2.78068e-02  1.15658e-01 -6.60681e-02  7.36605e-02]
 [ 1.05781e-01 -9.95530e-02 -1.26906e-02  3.75682e-02  6.61271e-02
  -6.24918e-03 -1.27243e-01 -2.13703e-01  4.29591e-02  4.95360e-02
   1.58846e-02 -8.33375e-03 -1.16600e-01  6.29795e-02 -1.36149e-01
   1.08806e-01  5.88416e-02  1.98825e-02  2.87623e-01  6.90967e-02
  -2.43745e-02 -1.79089e-03  1.18559e-01 -6.84485e-02 -1.59934e-02]
 [ 3.47468e-02 -5.06492e-01  2.08260e-01  1.44488e-01 -8.34135e-02
  -2.21461e-02 -1.37648e-01 -9.96742e-02  6.22287e-02  7.32710e-02
   3.53200e-02  2.33697e-01 -5.73636e-02 -2.06009e-01  2.03346e-01
  -8.86564e-02  9.43534e-02  3.38189e-01  2.14809e-01  9.75749e-02
  -1.30790e-02  8.46178e-03 -5.45454e-02  1.37936e-01 -1.37846e-01]
 [ 3.52361e-03 -1.34118e-01  1.27561e-02  1.16492e-01  2.30679e-01
  -6.81598e-02 -2.35122e-01  2.02965e-01 -4.44559e-03 -2.48775e-01
  -7.03305e-02  1.19410e-01 -2.96777e-01 -2.24864e-02  1.54328e-01
   5.85998e-02  4.29718e-01  5.78206e-01  3.00786e-01  1.98376e-02
  -9.41873e-02 -1.18334e-02 -1.76844e-01  9.40786e-02 -1.85417e-01]
 [ 8.69227e-02 -4.35056e-01  3.88141e-02 -4.85016e-02  3.54268e-02
  -1.22972e-01 -2.12563e-01  6.90341e-02  1.55582e-01 -5.44375e-01
  -1.26197e-01  1.30776e-01  3.86779e-03 -3.90430e-01  1.75372e-01
  -1.38820e-01  1.11403e-01  2.71145e-01 -2.17106e-02 -7.11402e-02
  -1.13540e-01  1.90802e-02 -2.59956e-01  2.69660e-01 -1.03070e-01]
 [-1.72882e-02 -2.46730e-01  1.94035e-01  1.44865e-01 -1.57296e-02
  -1.07731e-01 -1.15733e-01 -2.00486e-02  1.72370e-01 -7.37555e-01
  -2.33241e-02  2.77625e-01 -1.59100e-01 -2.70475e-01  8.14599e-02
  -6.44045e-02  1.36657e+00  6.97399e-01  9.37092e-01 -6.45306e-02
   1.31972e-01 -5.19698e-02  8.83654e-02  1.30050e-01 -4.76380e-02]
 [ 7.72577e-02  4.67227e-02 -1.12126e-01 -1.76983e-01  8.40997e-02
  -1.02992e-02  8.72153e-02  1.13488e-01 -3.20835e-03  2.94958e-01
   1.43629e-03  2.34484e-01  6.01222e-02  1.94055e-01 -8.57670e-02
   4.92556e-02 -4.33969e-01 -1.25144e-01 -3.41382e-01 -3.82675e-02
  -6.58852e-03  8.61023e-02  7.05759e-02 -1.34309e-01  8.70599e-02]
 [ 1.22482e-02 -1.22063e-01  8.21515e-03  6.77646e-02  3.81433e-01
  -1.61871e-02 -2.77527e-01 -7.61933e-02 -5.99721e-02  8.25579e-04
  -6.67280e-02 -2.19577e-02 -2.24665e-01  2.23925e-02 -7.14477e-02
  -3.08185e-02  3.40346e-01  5.33135e-01  3.21988e-01  4.05435e-02
  -1.12717e-01  1.19434e-01  2.98033e-03 -1.05844e-01 -2.95552e-03]
 [-1.35278e-01 -4.40750e-01 -1.43544e-03  1.09370e-01  1.10508e-01
  -1.44757e-01 -9.80765e-02  1.03555e-01  2.74321e-02 -1.66131e-03
  -1.04142e-01  1.12658e-01 -4.03072e-01 -1.54575e-01  1.34682e-01
   1.66568e-02  6.07852e-01  6.24220e-01  4.62498e-01 -3.79790e-02
  -2.63207e-02  3.23005e-02  1.12740e-01  7.65037e-02  5.86510e-03]
 [-7.84571e-02  2.41206e-01  6.41549e-02 -5.89624e-02 -2.37738e-01
   2.25858e-01  3.17279e-01 -5.10944e-02  1.53681e-02  1.24153e-01
  -4.63393e-02  5.17646e-02 -4.42060e-02  1.42342e-01 -1.82070e-01
  -2.10489e-02  2.59885e-01  2.08284e-01  1.51382e-01 -2.41885e-02
   1.07104e-01  1.18885e-01  1.23828e-01 -1.26768e-01  2.87521e-02]
 [ 1.66354e-01  4.18751e-01  3.27013e-02 -1.48396e-01 -3.44028e-01
   4.87446e-01  4.34024e-01 -6.08865e-02 -1.27603e-02  5.05359e-01
  -9.96189e-02 -2.36289e-01  1.03323e-01  6.55736e-01 -1.68544e-01
  -1.48215e-02 -4.09871e-01 -1.02589e+00 -5.31148e-01 -7.28140e-02
   2.16952e-01  6.06414e-02 -5.19423e-02 -2.16581e-01  9.44637e-02]
 [ 1.29419e-02 -4.56505e-02 -3.62281e-02 -9.74956e-02 -2.24020e-02
  -3.60755e-02 -1.70888e-01 -8.47455e-02 -7.69417e-02 -7.38492e-01
  -3.92020e-02  3.19289e-01  6.46018e-02  4.25989e-02  3.09246e-02
  -3.39748e-02  4.75688e-01  6.69144e-01  3.42655e-01 -3.80738e-02
  -7.45329e-02  2.97371e-01  3.34915e-02  3.38782e-02  1.23081e-01]
 [ 1.33504e-01  1.54505e-02  1.87789e-01 -1.56199e-02 -2.30421e-01
  -6.79538e-02 -1.17819e-02  5.88547e-02  1.20960e-01  2.47360e-01
   1.31077e-01  4.55596e-02  1.38780e-01  3.21522e-01 -4.77830e-02
   2.15332e-01  4.33884e-01  2.23142e-04  6.19725e-01  3.37374e-01
   1.15122e-01 -8.58944e-02  3.67088e-02 -1.48133e-01 -1.10235e-01]
 [ 1.64223e-01  1.59536e+00 -1.36105e-02  6.12236e-03 -9.45484e-01
  -2.77305e-03  9.87617e-01  8.85332e-02  9.11165e-02  2.92209e-01
  -4.65025e-02  3.07556e-01  1.41586e-01  1.47662e-01 -7.93537e-02
   1.59118e-01  3.22998e-01  7.91541e-01 -2.85326e-01 -7.09137e-03
  -1.32856e-02 -5.39028e-03 -5.34536e-02 -5.40471e-02  4.00714e-02]
 [ 2.93496e-01  5.45073e-01  2.74370e-02 -3.40712e-01 -5.53525e-01
   3.92686e-01  4.11577e-01 -9.42127e-02  2.74896e-02  1.32530e-01
  -6.34227e-02 -3.36706e-01  3.41747e-01  9.28888e-01 -2.49599e-01
   3.17279e-01 -1.37030e+00 -6.86414e-01 -7.64932e-01  6.67043e-02
   2.55319e-01 -4.42164e-02  3.43920e-01 -2.66345e-01  1.02650e-01]
 [ 6.38646e-02  1.26129e-01 -8.66334e-02  1.62806e-02  7.37993e-02
  -1.15719e-01 -1.35124e-01  3.90095e-01  6.88581e-02  6.92903e-01
  -7.53983e-03 -2.98173e-02  1.78278e-01 -1.75960e-02 -3.58017e-02
  -9.08429e-02 -7.91690e-01 -3.73727e-01 -6.52495e-01 -1.90572e-02
  -1.41748e-01  7.92120e-02  1.04851e-01 -1.67578e-02  2.46494e-01]
 [ 5.39386e-02 -3.25812e-01  1.94336e-01 -6.43412e-02  1.34603e-01
   1.17888e-01 -2.38637e-01  9.87566e-02  8.05061e-03  8.31195e-01
  -7.90235e-02  1.62975e-02  1.17085e-01 -2.02741e-02 -1.70123e-01
   4.49795e-01  4.93976e-01  1.32198e-02 -5.50795e-02  9.25871e-03
   1.65523e-01  1.29462e-01  1.96814e-01 -4.41541e-01  7.83674e-02]
 [-8.46401e-02 -5.56324e-02 -9.13969e-02  5.21346e-02 -2.45349e-01
   1.44833e-01  1.58006e-01  2.75647e-01  4.15841e-02  5.90246e-01
   6.09828e-02 -3.04270e-01  2.84825e-01  2.84252e-01  1.23840e-01
  -2.38870e-01 -1.13992e+00 -7.98496e-01 -8.64150e-01 -1.86589e-04
   9.40679e-02  1.42275e-01  3.42544e-02 -7.75129e-02 -4.63463e-02]
 [-1.19637e-01  3.54782e-01 -8.51675e-02 -2.13603e-01 -1.14382e-01
   1.76619e-01 -4.68364e-02 -1.55589e-02  9.70566e-02  5.51772e-01
   1.23244e-02 -1.13612e-01  1.44953e-01  1.22258e-01 -1.79409e-01
   1.76144e-01 -8.35920e-01 -4.30784e-01 -8.73669e-01  7.71169e-02
   1.48067e-01  1.24927e-01  3.48134e-01 -1.31226e-02  1.12977e-01]
 [ 2.38574e-03  1.32848e-01 -9.25639e-02  8.61920e-02 -2.02919e-01
  -4.77675e-02  1.51633e-01 -2.90867e-02  6.66892e-02  4.05973e-01
  -3.12283e-02 -1.74907e-01 -2.59901e-01  1.11264e-01  3.40464e-04
   4.75784e-02 -6.15680e-02  2.75076e-02  1.52334e-01  2.65091e-02
  -1.84320e-02  7.83649e-02 -9.76490e-02  3.43152e-02 -8.67670e-02]
 [ 1.74024e-01  2.46768e-01  5.67585e-03  1.04552e-01  1.95940e-01
  -1.52065e-01  5.03485e-02 -4.54381e-02  4.10229e-02 -2.27696e-01
  -3.42006e-02  5.94890e-02 -1.35858e-01 -4.39601e-01  7.30806e-03
  -3.48284e-01  7.00215e-01 -1.39364e-02  7.53197e-01  1.04912e-01
  -1.08974e-01  1.07633e-01 -6.85532e-02  2.44388e-01 -1.09910e-01]
 [ 1.11003e-01  6.19836e-01 -1.61032e-02 -7.80876e-02 -1.91542e-01
   2.29291e-01  3.97404e-01  1.39535e-01  1.04203e-02 -9.37081e-02
   1.03157e-01 -6.58231e-02  2.61468e-02 -1.44338e-03 -4.33436e-02
  -6.73710e-02  3.28159e-01 -1.07573e-02  2.35322e-01  1.25821e-01
   1.15671e-02  3.36651e-02 -1.71395e-02 -1.09544e-01  1.06090e-01]
 [-1.07277e-01  2.48447e-04  3.07875e-02  1.87566e-02  9.59542e-02
  -1.11136e-01 -3.72234e-03  1.30038e-02  8.96573e-02 -7.70749e-02
  -9.68977e-02 -2.68486e-01 -5.48648e-02 -1.58596e-01  7.75175e-02
  -1.59531e-01 -3.71896e-01 -6.28385e-03 -3.48576e-02  2.41641e-01
  -5.82035e-01 -7.82288e-02 -6.98260e-01  1.21281e-01  4.68472e-02]
 [ 2.06543e-01  6.68530e-01  3.25190e-02 -2.04801e-01 -5.48638e-01
   2.36306e-01  2.22751e-01  8.36637e-04 -1.15036e-01  6.54960e-01
  -1.01171e-01 -6.55180e-01  9.47534e-02  7.02791e-01 -5.55897e-02
   4.77543e-02 -1.25185e+00 -8.73027e-01 -8.10970e-01  2.14734e-02
   3.16533e-01 -9.01510e-02  1.68164e-01 -4.64411e-02  6.43029e-02]]

W2: 
[[-0.08343]
 [ 2.25499]
 [-0.00786]
 [-0.5818 ]
 [-1.45508]
 [ 1.06916]
 [ 1.36964]
 [-0.32125]
 [-0.08711]
 [ 3.02137]
 [ 0.0294 ]
 [-1.70741]
 [ 0.68776]
 [ 2.03403]
 [-0.6081 ]
 [ 0.74392]
 [-3.62584]
 [-4.34189]
 [-2.47413]
 [-0.07714]
 [ 0.88505]
 [ 0.05806]
 [ 1.03687]
 [-0.91495]
 [ 0.45856]]

# --- EXPERIMENT COST, ACC. & ERROR HISTORY --- #

cost: 
[0.6528  0.62835 0.60855 ... 0.25259 0.25259 0.25259]

accuracy: 
[0.      0.      0.      ... 3.89273 3.89273 3.89273]

error: 
[118.5 118.5 118.5 ...  96.5  96.5  96.5]