# --- APTitude Experimental Analytics Report (v4-high-regularization-rate) --- #

# --- EXPERIMENT HYPERPARAMETERS --- #
epochs: 50000
alpha: 0.0001
lamb: 0.01
train_size: 0.9
threshold: 7000
l1: 25
b: 0.8

# --- LEARNED MODEL PARAMETERS --- #

W1: 
[[-3.19875e-01 -1.11832e-01 -1.03318e-01 -1.08572e-01 -4.58669e-02
   2.29065e-02  9.24683e-02 -1.89789e-01 -1.37893e-01 -1.93035e-01
  -1.36889e-01 -1.57320e-02 -3.40120e-01 -2.63554e-01 -3.30244e-02
  -2.20019e-01 -1.98922e-01  3.27487e-02 -2.15993e-01 -3.16225e-01
   3.30310e-01 -4.36693e-01  1.52097e-01 -3.04333e-01  2.70702e-01]
 [-2.05703e-01  3.75707e-01 -1.22060e-01 -4.84282e-02 -7.59507e-02
  -4.09371e-02 -5.69739e-02 -1.72681e-01 -2.83742e-01 -1.96161e-01
   1.82589e-01  6.85540e-01  3.59625e-01  2.93328e-01  9.10341e-03
  -1.80875e-01  4.20274e-01  7.28350e-02 -2.04837e-01  2.73873e-01
   1.77204e-01  8.29699e-02 -3.57060e-01  3.40113e-02 -3.18972e-01]
 [-1.99276e-01 -1.80000e-01 -2.89167e-01 -1.21639e-01  6.47542e-02
  -7.33469e-02  1.06381e-02  7.89410e-02 -1.42276e-01 -3.80518e-01
   1.09855e-01 -1.12214e+00 -4.28977e-01 -2.96800e-01  2.14417e-01
  -9.12140e-02 -6.38867e-01 -9.81342e-03 -3.24307e-01 -7.49111e-01
  -1.80493e-01 -5.00352e-01  1.43158e-01 -3.70073e-01  2.02790e-01]
 [-3.56920e-01  2.00457e-01  9.89721e-03 -1.27346e-01 -1.08016e-01
   2.16491e-01 -3.38795e-02  1.29769e-01 -2.95889e-01  7.73512e-03
   1.20024e-01 -6.83356e-02 -1.93433e-02 -3.40596e-01  7.18263e-02
  -2.38715e-01 -8.03135e-02  2.30927e-01 -3.19175e-01  2.07189e-01
   2.03795e-01  3.70974e-01 -3.25359e-02  5.17349e-03 -4.54620e-01]
 [-1.70833e-01 -2.49212e-02 -9.43225e-02 -8.33268e-03 -2.06182e-01
  -9.16797e-02  8.70247e-03 -1.85061e-01 -1.36381e-01  2.00434e-02
  -3.06677e-02 -1.08618e-01  1.40343e-01 -1.91061e-03 -2.92357e-01
  -2.49897e-01  3.86331e-01 -2.86300e-02 -1.14632e-01 -1.12449e-04
   6.26471e-02  1.78316e-01  2.76214e-01 -1.95352e-01  3.78038e-01]
 [-2.02593e-01 -8.24334e-02 -3.09713e-01 -3.24687e-02 -4.85620e-02
  -1.73368e-01  5.01472e-02  3.05371e-02 -1.93876e-01  1.08123e-01
  -1.02217e-01  2.02142e-01  1.77485e-01  3.90749e-01 -7.08652e-02
   3.91099e-02  1.79379e-01  3.11940e-02 -1.24873e-02  1.13607e-01
   3.86248e-01  3.20632e-02 -2.32784e-01 -6.23298e-02 -1.43991e-01]
 [ 5.27401e-03 -1.43606e-01 -1.12253e-01 -5.17154e-02 -5.11403e-02
   3.89246e-02  1.71917e-01 -1.61662e-02 -2.60833e-01 -9.08470e-02
   1.45515e-01 -1.35074e-01 -2.31327e-01 -1.32176e-01 -1.17946e-01
  -1.47721e-01 -1.27526e-01  1.31099e-02 -1.65046e-01 -1.38768e-01
   1.58842e-01 -1.00456e-01  2.93796e-01 -9.49892e-02  3.48354e-02]
 [-9.10757e-02  1.19946e-01 -1.52093e-01 -1.31884e-02  1.72026e-01
  -1.00462e-01  1.08384e-01  1.44427e-02 -2.03330e-01 -2.10021e-01
   1.08901e-01  6.46604e-01  3.01453e-01  1.59207e-01  1.59649e-02
  -3.14358e-01  3.67278e-01  8.96509e-02 -5.75843e-02 -9.61322e-02
   7.06992e-02  2.12674e-01 -3.58020e-02 -5.45384e-03 -1.01322e-01]
 [-2.83718e-01 -1.15298e-03 -1.97258e-01  1.43238e-01 -5.14469e-02
  -2.45940e-01  7.82796e-03  8.46096e-02 -1.82431e-01  1.08381e-01
  -3.92917e-02  1.66771e-01  2.78914e-01  1.95875e-01 -1.57502e-01
  -6.17915e-02 -1.70049e-01  1.19467e-01 -3.69803e-01  4.33953e-02
   1.88993e-01  1.77387e-01  6.50076e-03 -2.33668e-01 -2.28738e-01]
 [-3.12561e-01 -1.29960e+00 -1.50703e-01  4.08669e-01 -1.04776e-01
  -1.27270e-01  1.15603e-01 -6.83162e-02 -7.58871e-02  3.00169e-01
   6.61093e-02  1.78990e+00 -9.78397e-02  1.41066e-01 -1.82577e-01
  -2.22516e-01 -5.03452e-02 -3.53371e-01 -3.67018e-02  2.51056e+00
  -1.58813e-01  6.89624e-02  1.66103e+00 -1.01618e-01  3.42230e+00]
 [-2.93111e-01 -1.20580e-02 -1.27123e-01  1.01110e-01 -1.14226e-01
  -2.34834e-01 -4.75815e-02 -1.01801e-01 -9.35237e-02  6.90353e-02
  -1.49422e-01  7.08574e-02  2.51264e-01  1.95298e-01 -1.21020e-01
  -1.91919e-01  3.08169e-01  1.26481e-01 -8.57495e-02  3.76819e-01
   4.08824e-01  1.72337e-01 -3.57572e-01  1.43757e-01 -3.15693e-01]
 [-1.47142e-01  2.53642e-01 -2.40887e-01 -1.94201e-01  9.10262e-02
   7.62255e-02  1.45364e-01  1.96427e-01 -2.59677e-01 -2.12486e-01
   1.26991e-01  1.21964e+00  3.60620e-01 -2.55504e-02  9.18664e-02
  -2.07477e-01  4.40718e-01  1.36087e-01 -2.64596e-01  5.93966e-02
   1.16929e-02  3.06659e-01 -1.75090e-01  5.16215e-02 -1.95724e-01]
 [-2.26657e-01  1.71647e-01 -1.25114e-01 -3.40109e-02 -2.23306e-02
   1.94773e-01  4.44892e-02  5.76718e-02 -3.29553e-01 -1.75718e-01
   7.09139e-02  2.65279e-01  7.92753e-02  7.50667e-02 -2.63517e-02
  -3.48485e-01  3.86978e-01 -2.10895e-01  4.04152e-02 -8.67940e-02
   1.89507e-01  2.12114e-01 -8.82148e-02  1.94350e-02 -2.45924e-01]
 [-3.93818e-01  2.29196e-01 -2.42498e-01  3.41575e-02  1.41372e-01
   1.62742e-01 -1.80608e-01  3.95269e-02 -3.02888e-01 -1.05523e-01
  -6.83915e-02  4.75327e-01  2.25606e-01  2.87077e-02  1.59044e-01
  -2.51998e-01  4.12577e-01 -3.24377e-02 -9.66666e-02  1.37422e-01
   1.90343e-01  2.37692e-01 -7.06436e-02 -2.75925e-02 -3.23648e-01]
 [-1.48427e-01 -1.62689e-01 -8.37707e-02 -1.22561e-01 -1.35973e-01
  -1.95155e-01 -2.24837e-01 -2.96042e-03 -2.55573e-01  1.42134e-02
  -5.43241e-02 -5.66554e-01  6.60061e-02  5.11476e-02 -2.19954e-01
  -2.00796e-01  1.61267e-01  4.71720e-02 -6.01722e-02  2.09018e-01
   5.74854e-01 -9.08713e-02 -9.12902e-02 -1.53869e-01 -1.19118e-01]
 [-4.64758e-02  4.00956e-02 -1.21625e-01 -1.50593e-01 -1.07895e-01
  -4.31687e-02 -2.74670e-01  3.30726e-03 -1.71915e-01 -4.17708e-02
  -1.77445e-01 -3.09316e-02 -6.01124e-02 -5.66723e-03 -7.90811e-02
   4.41668e-02  6.32072e-02  1.10343e-01 -2.10589e-01  1.10772e-01
   2.38156e-01 -7.00376e-02  9.95021e-02 -7.35695e-02 -2.12322e-01]
 [-1.02877e-01  1.63561e-01 -9.96768e-02 -6.16693e-02 -1.07557e-01
  -4.97711e-02 -3.54776e-02 -7.22232e-02 -2.69295e-01  1.65776e-01
   2.07876e-02  1.01648e-01 -4.92051e-02  2.14155e-01 -6.68401e-02
  -3.70720e-01  2.37573e-01 -5.87339e-02 -2.32622e-01  9.13053e-02
   4.27548e-01 -8.62339e-03 -3.05850e-01 -3.06629e-01 -1.75659e-01]
 [-5.04111e-02  9.11972e-02 -3.19197e-01  2.66739e-02  1.01724e-01
  -6.90329e-02  5.12844e-02 -1.06006e-02  6.02114e-02 -1.29013e-01
  -1.46476e-01  2.24890e-01  2.91976e-01  7.18173e-02  1.83792e-01
  -1.24794e-01  3.24792e-01  3.85811e-03 -2.41986e-01 -1.57990e-01
   1.31828e-01  7.19663e-02  6.32772e-02 -1.74032e-01  2.96886e-02]
 [-2.33791e-01  1.92526e-01 -2.22772e-01  8.85405e-02 -1.44445e-02
  -9.75104e-02  2.42862e-01 -2.50054e-02 -6.83396e-02 -3.63278e-02
  -9.91678e-02  3.24137e-01  2.88462e-01  2.78984e-01  4.24773e-03
  -2.20523e-01  2.21884e-01 -1.56196e-01 -2.73151e-01  1.35474e-01
   6.12631e-01  1.35566e-01 -9.60398e-02 -1.76283e-01 -2.11173e-01]
 [-6.59716e-02  3.01794e-01 -1.87940e-01  2.62678e-01 -5.94725e-02
  -4.96965e-02  1.20481e-01  1.73898e-01 -2.53444e-01  1.53918e-01
  -1.64746e-01  5.23678e-01  4.56666e-01  3.49678e-01  1.07410e-01
  -1.54713e-01  2.09937e-01 -7.04188e-02 -2.62606e-01  3.43308e-01
   4.17449e-01  3.65067e-01 -4.24204e-01 -7.58310e-02 -4.70744e-01]
 [-2.58953e-01 -4.91387e-02 -1.25864e-01  3.42254e-02 -1.29761e-01
  -1.33804e-01 -1.92761e-02  4.49362e-02 -2.80879e-01 -6.23506e-02
   1.36416e-01  1.77123e-01  1.69241e-01  1.21613e-01  1.76811e-01
  -2.51878e-01  1.00287e-01 -6.98077e-03 -9.22913e-02  1.23087e-02
   5.10194e-02 -4.18748e-02 -5.20838e-02  3.36806e-02 -2.64741e-01]
 [-7.69510e-02  8.48150e-02 -1.24954e-02  1.84356e-01 -2.07239e-01
  -1.83911e-01 -1.86103e-01  9.96864e-03 -2.83191e-02  1.43145e-01
  -5.95077e-02  1.07887e+00  4.63784e-01  5.53972e-01 -1.68841e-01
  -1.23174e-01  1.23190e+00 -2.59099e-01  1.60952e-02  5.84556e-01
   9.37970e-01  5.28458e-01 -3.67753e-01  1.21823e-01 -3.80115e-01]
 [-1.51979e-01 -2.31741e-01 -7.40767e-02 -1.40140e-01  1.13586e-01
   4.22667e-02  1.72110e-01  3.23573e-02 -2.34978e-01 -5.60985e-02
   9.86186e-02 -4.73586e-01 -1.77482e-01 -1.29764e-01  1.44766e-03
  -1.10791e-01 -2.46587e-03  5.55958e-02 -1.24591e-01 -3.54719e-01
  -1.45347e-01 -2.41197e-01  2.04856e-01 -6.87453e-02  4.21122e-01]
 [-2.34796e-01  2.87693e-01 -1.84535e-01  1.22686e-01  1.83394e-01
   4.31468e-02  1.02606e-03 -2.05877e-02 -2.63996e-01 -1.18471e-01
   2.14671e-02  5.35520e-01  3.71011e-01  2.13732e-01  1.31342e-01
  -2.14391e-01  3.99968e-01  1.67283e-01 -1.98994e-01  1.93195e-01
   4.31231e-01  3.17335e-01 -4.31926e-01  2.59136e-02 -4.24648e-01]
 [-3.43572e-01  1.00993e-01 -2.52070e-01  1.94300e-01 -7.79147e-02
  -2.39861e-01 -2.11746e-01 -3.41816e-01 -2.27042e-01  3.04600e-01
  -1.38629e-01  1.78075e-01  2.41514e-01  3.68803e-01 -1.04193e-01
  -8.27820e-02  3.57515e-02 -3.78495e-01 -1.83336e-01  4.85277e-01
   4.27872e-01  2.41482e-01 -3.70103e-01  7.46441e-02 -2.15232e-01]
 [ 5.62159e-02  3.92059e-02 -3.04985e-01 -2.62402e-02 -9.51229e-02
  -7.76132e-02 -1.71232e-01 -2.94296e-01 -2.55665e-01 -8.25219e-02
  -1.59463e-01 -2.05243e-01 -2.18354e-01 -3.89431e-02 -7.73755e-02
  -2.49543e-01 -3.72085e-02 -6.32168e-02 -2.53825e-01 -9.24455e-03
   1.92407e-01 -1.27455e-01 -1.13636e-01 -9.87735e-02 -8.01968e-02]
 [-3.05982e-01 -1.41149e-01 -2.87700e-01 -1.35410e-01 -4.46766e-02
   3.42954e-01  1.97372e-01 -1.49575e-01 -1.26393e-01  1.87503e-02
   1.33450e-01 -7.69976e-01 -2.86524e-01 -2.47686e-01  4.14167e-02
  -1.89308e-01 -6.53418e-01  1.17273e-01 -2.32408e-01 -2.30106e-02
  -1.53607e-01 -3.27650e-01  3.80249e-01 -1.41406e-01  3.97024e-01]
 [-2.86929e-01 -2.06098e-01 -2.75269e-01  1.59494e-01 -2.25760e-01
  -1.53040e-01 -1.23132e-01 -2.50424e-01 -1.62885e-01 -2.69083e-02
  -2.75979e-01  3.72300e-02 -2.19216e-01  8.16722e-02 -1.66733e-01
  -1.54951e-01  2.75597e-01 -1.86528e-01 -5.26571e-02  2.05800e-01
   4.11123e-01 -1.30547e-01 -2.24233e-01 -9.85639e-02 -7.42962e-02]
 [-1.33518e-01  3.89550e-02 -1.10982e-01  7.95432e-02 -2.77883e-01
  -1.64314e-01 -2.48257e-01  2.89917e-02 -1.50904e-01 -1.95599e-02
  -1.79710e-01  2.24084e-01  1.73533e-01  4.15690e-02 -3.89966e-02
  -1.26940e-01  1.67801e-01 -7.26961e-02 -1.85230e-01 -3.06843e-02
   3.32053e-01  1.53417e-01 -1.98542e-01 -1.40014e-01 -6.59892e-02]
 [-2.48090e-01  8.23550e-02 -7.41811e-02 -1.79313e-01  4.63512e-02
   8.01008e-02  2.05098e-01  3.23218e-02 -1.14977e-01 -5.34168e-02
   1.61045e-02  3.63956e-01 -1.14430e+00 -1.11261e-01  9.36286e-02
  -1.06507e-01 -1.60210e-01  1.34136e-01 -1.72030e-01 -4.67824e-01
  -2.15296e+00 -1.49057e-01 -2.50765e-01 -2.02124e-01 -7.88711e-01]
 [-1.72578e-01 -4.53147e-01 -2.38199e-01 -1.86859e-01  6.11619e-02
   3.89490e-01  1.53247e-01  1.02765e-01  1.74354e-02 -3.20991e-01
   2.19607e-01 -1.47136e+00 -4.00629e-01 -4.79672e-01  1.40802e-01
  -4.21101e-01 -9.48089e-01  4.83272e-02 -1.17798e-01 -6.76144e-01
  -7.83140e-01 -7.58301e-01  2.43979e-01 -2.12885e-01  5.07360e-01]
 [-8.61341e-02 -1.25277e-01 -1.89965e-01  1.08477e-01  6.41618e-02
  -1.11924e-01 -2.47545e-01 -8.37206e-02 -1.59143e-01 -7.65819e-03
  -1.04627e-01 -8.30182e-01 -1.79667e-01 -9.74033e-02 -5.67964e-02
  -3.15659e-01 -5.63622e-01 -1.63173e-01 -2.52050e-01 -3.86564e-01
  -2.22980e-01  8.38691e-02  3.22054e-01 -2.64148e-01  2.67645e-01]
 [-2.17575e-01 -9.49489e-03 -2.58976e-01 -3.51234e-01  1.08397e-02
   1.38582e-01  6.88881e-01  7.58204e-02 -2.28652e-01 -1.65468e-01
   1.12211e-01  3.99626e-01  9.95568e-02 -4.10141e-01  1.00344e-01
  -1.85070e-01  6.29487e-02  4.50915e-02 -1.17779e-01 -7.29120e-01
   2.36589e-01 -1.03204e-01  1.88505e-01 -3.88272e-01  4.27271e-02]
 [-6.97464e-02 -2.52612e-01 -1.74305e-01 -1.54890e-01  1.09509e-01
   2.80620e-01  3.90328e-02  8.40325e-02  3.75934e-02 -6.79697e-02
   2.53847e-01 -1.27006e+00 -5.70113e-01 -5.13966e-01 -5.94983e-02
  -2.38273e-01 -7.57801e-01  1.49810e-01 -3.32220e-01 -1.86524e-01
  -6.59161e-01 -4.35463e-01  3.33421e-01 -1.81447e-01  5.82770e-01]
 [-1.19865e-01 -3.45315e-01 -3.73915e-02 -8.89216e-02  6.01234e-02
   1.49208e-02 -1.74580e-01 -5.07075e-02 -3.02436e-01 -1.26034e-01
   9.26463e-02 -9.00957e-01 -1.78935e-01 -4.37342e-01 -1.35452e-02
  -8.90960e-02 -5.73481e-01 -8.32556e-03 -2.11187e-01 -3.82581e-01
  -4.61631e-01 -4.41232e-01  1.81385e-01 -1.29931e-02  2.28122e-01]
 [-1.45595e-01  1.46686e-01 -2.59391e-01 -4.80995e-02 -4.54122e-02
  -9.25965e-02 -1.81108e-01 -8.68598e-02 -1.75578e-01  3.17822e-02
  -1.96766e-01  1.08584e-01  1.21433e-01  6.13037e-02 -2.54431e-01
  -1.80839e-01 -8.54124e-02  1.52835e-02 -2.30650e-01  3.94498e-01
   3.80938e-01  1.69636e-01 -3.47130e-02 -1.59948e-01 -1.67730e-01]
 [-1.81390e-01 -1.05848e-01 -4.02067e-01 -2.36051e-01 -6.24561e-02
   7.17893e-03 -2.88414e-02 -1.63766e-01 -1.50737e-01 -5.26520e-02
  -3.90341e-01  6.17795e-01  1.41239e-02 -2.31833e-01 -3.18128e-02
  -2.88733e-01  3.42513e-01 -2.32591e-01 -1.12118e-01 -9.47365e-02
   2.92372e-01 -6.34777e-02 -1.11099e-01 -7.74467e-02 -2.90231e-01]
 [-1.76530e-01 -9.33202e-02 -6.92392e-02 -2.13281e-01 -8.62052e-02
   2.05081e-01 -2.15789e-01  7.80228e-02 -1.56253e-01 -2.08902e-01
  -2.20382e-01 -1.67030e-01 -9.76471e-03 -1.97286e-01  1.32233e-01
  -2.33630e-01 -3.30132e-01 -1.78211e-02 -2.21752e-01 -1.82325e-01
  -1.39713e-01 -2.14940e-01 -1.32767e-02 -1.30035e-01 -1.06569e-02]
 [-2.79023e-01 -1.70304e-02 -1.45650e-01  2.02493e-02 -1.56327e-01
  -6.84094e-02 -9.77401e-02 -1.37696e-01 -8.66825e-02 -4.27347e-04
  -2.50035e-02 -2.09076e-01  4.79949e-02  2.27148e-02 -7.90442e-02
  -2.37530e-01  1.37454e-01 -4.26165e-02 -1.48900e-01  1.63926e-02
  -4.34735e-04  8.42843e-02  1.26659e-01 -7.95349e-02  3.34547e-02]
 [-3.16953e-01 -5.12112e-01 -1.68185e-01  3.05410e-02  1.99074e-01
   2.83011e-01  9.89762e-02  1.57079e-02 -1.33251e-01 -3.32520e-02
  -9.36897e-03 -1.58467e+00 -5.72053e-01 -3.83967e-01 -3.47826e-02
  -1.71522e-01 -7.99086e-01  1.33149e-01 -1.36639e-02 -5.24611e-01
  -7.60547e-01 -8.34980e-01  2.14824e-01 -4.34799e-01  7.24733e-01]]

W2: 
[[-0.05117]
 [-1.39984]
 [-0.22325]
 [-0.79194]
 [ 0.59622]
 [ 1.0577 ]
 [ 0.98617]
 [ 0.52027]
 [-0.14337]
 [-0.70881]
 [ 0.68764]
 [-4.0043 ]
 [-1.72602]
 [-1.55215]
 [ 0.66133]
 [-0.1404 ]
 [-2.43776]
 [ 0.84969]
 [-0.28519]
 [-2.89864]
 [-2.76882]
 [-1.74447]
 [ 1.87934]
 [-0.62606]
 [ 3.5938 ]]

# --- EXPERIMENT COST, ACC. & ERROR HISTORY --- #

cost: 
[0.78507 0.73155 0.68772 ... 0.28356 0.28356 0.28356]

accuracy: 
[0.      0.      0.      ... 3.57977 3.57977 3.57977]

error: 
[125. 125. 125. ... 103. 103. 103.]